10000
9.851137
9.834766
9.782599
9.812405
9.761914
9.796153
9.769943
9.749743
9.728018
9.62072
9.579968
9.557968
9.542389
9.457878
9.483251
9.416344
9.435957
9.337912
9.245485
9.212648
9.223405
9.252908
9.129717
9.022008
9.120184
9.0864525
9.110327
9.0161495
8.935708
8.921913
8.812973
8.815264
8.709947
8.710626
8.612613
8.611838
8.503705
8.385309
8.297818
8.352649
8.370876
8.2004795
8.099696
8.055511
8.045299
7.891272
7.7724805
7.8147793
7.615676
7.538988
7.275063
7.4940786
7.3265996
7.1528726
7.0724626
7.0072923
6.989936
6.8531337
6.9441466
6.9551315
7.0372324
7.0034447
6.9390793
6.7843485
6.945075
6.8482227
6.8268523
6.851306
6.8888526
6.957365
6.9360986
7.0075636
6.957744
6.948209
6.9973364
6.9781656
7.1082115
6.991316
7.0609126
6.7981353
7.050455
6.8970003
6.978985
6.8521533
7.004354
6.8453555
6.902952
7.026513
6.9575458
6.9584937
6.9730144
7.231437
7.405394
7.3997707
7.4907074
7.562598
7.5878134
7.8347588
7.949037
8.242759
8.159434
8.207591
8.182029
8.038648
8.08807
8.238558
8.300396
8.274792
8.231157
8.502648
8.402313
8.329925
8.299692
8.227012
8.177339
8.122087
8.115588
8.1922245
8.135281
8.112402
8.0527935
7.9743886
7.9109716
8.049882
7.981888
7.9754405
7.9833946
7.9042044
7.8552003
7.78082
7.7483807
7.6529627
7.595667
7.6487765
7.5629716
7.586228
7.50424
7.6164618
7.56009
7.563169
7.609314
7.5907784
7.550301
7.566706
7.5004196
7.580292
7.528427
7.5580277
7.609461
7.5432463
7.503538
7.6096573
7.49375
7.49506
7.416785
7.4121504
7.393703
7.4151974
7.2809095
7.3273287
7.372445
7.336855
7.2995834
7.3935304
7.32115
7.2612042
7.2610583
7.340756
7.3543015
7.3380084
7.3717337
7.398901
7.508573
7.538267
7.3181987
7.3887157
7.3032146
7.2736764
7.316769
7.265762
7.1667333
7.127184
7.114278
7.1241508
7.0333734
7.105095
7.1026506
7.0871663
7.121438
7.012429
7.185803
7.0506225
7.0187244
6.9175816
6.8718376
6.794256
6.7783675
6.673889
6.5295076
6.885119
6.598226
6.696674
6.555719
6.569548
6.558917
6.3650427
6.36687
6.412646
6.3875523
6.2515125
6.3362036
6.25565
6.5286694
6.4319797
6.5967426
6.223611
6.461956
6.6041636
6.6277046
6.694868
6.503494
6.658503
6.5326786
6.8279004
6.6969786
6.725003
6.4850445
6.794491
6.592379
6.7727346
6.7345138
6.692289
6.658492
6.6734343
6.7085576
6.6976852
6.627769
6.560336
6.6720605
6.705097
6.5682945
6.6425366
6.454467
6.7423725
6.634688
6.8504295
6.4775248
6.860688
6.7910137
6.7334175
6.7401924
6.366429
6.659014
6.549228
6.5555234
6.505156
6.6030803
6.5631
6.7550616
6.7437506
6.555622
6.5062633
6.6864023
6.6143723
6.7168493
6.63663
6.5950265
6.7601643
6.790248
6.6321087
6.7011895
6.6817975
6.6338825
6.569307
6.6790886
6.4680834
6.616705
6.8186235
6.6834383
6.58414
6.7322364
6.7244625
6.664758
6.6466265
6.5365286
6.634454
6.5120063
6.7011695
6.692739
6.608181
6.5613623
6.568243
6.4549727
6.4396577
6.636961
6.2819924
6.429124
6.507171
6.317816
6.4280076
6.2584987
6.343719
6.451196
6.15812
6.3111763
6.1801333
6.5182247
6.4248333
6.426107
6.380328
6.405952
6.5189886
6.4739823
6.3786926
6.5364685
6.5990505
6.6089573
6.2312565
6.67767
6.4755235
6.562091
6.454318
6.562215
6.3686323
6.61648
6.55165
6.536045
6.4560146
6.5062647
6.441706
6.546832
6.3598585
6.5755334
6.2868004
6.520904
6.3057857
6.5191393
6.528515
6.356473
6.4044404
6.428105
6.502173
6.4454875
6.3732553
6.28817
6.2879653
6.359145
6.379868
6.367891
6.312513
6.438939
6.3514977
6.3556366
6.2002525
6.4671655
6.458406
6.4940786
6.5378437
6.6110306
6.5196695
6.52455
6.5961432
6.5966673
6.674217
6.921746
6.8479156
6.8743234
6.814503
6.8872247
6.8603697
6.845896
6.8879533
6.911027
6.941843
7.126245
6.9443407
7.115904
6.9473104
7.0131726
6.8575535
6.905281
6.9326096
6.9549694
6.8364196
6.7979107
6.9139347
6.966111
6.850078
6.891142
6.802238
6.8075557
6.800099
6.7040167
6.6800704
6.588518
6.6320515
6.7631526
6.7644434
6.702672
6.675187
6.7787814
6.5863295
6.694194
6.6625776
6.6636314
6.4949813
6.5989566
6.6477737
6.529649
6.5589604
6.6558146
6.5733337
6.6678314
6.7061315
6.700575
6.7708817
6.736641
6.6336293
6.6829634
6.6513557
6.828012
6.587133
6.79098
6.6086416
6.6562243
6.658313
6.767268
6.6020794
6.645547
6.7299056
6.7892566
6.6395535
6.7972264
6.89511
6.8193603
6.7155356
6.6345506
6.7005525
7.011129
6.8884025
6.8154783
6.8720427
6.9658647
6.829153
6.8885717
6.9413204
7.011171
6.936378
7.134065
7.02403
6.900437
6.81114
6.8892727
6.907706
6.717273
6.7968245
6.928893
6.886945
6.88231
6.901615
6.853017
6.985055
6.774981
7.01495
6.8165946
6.842286
6.8968
6.7188826
6.937818
6.779311
6.658255
6.9053993
6.925022
6.7462673
6.8247747
6.8514986
6.842296
7.0558987
6.7643857
6.861896
6.81769
6.936263
6.71605
6.9345417
6.819237
6.955823
6.898038
6.9712033
6.967694
6.903756
7.059668
7.023032
6.948045
7.0922103
7.0309687
7.1724153
7.2883897
7.0069532
7.408155
7.302298
7.2692003
7.2283087
7.324692
7.18454
7.27919
7.1788197
7.396044
7.3781743
7.454357
7.415466
7.4337983
7.3434105
7.1625967
7.20664
7.114869
7.3481445
7.388715
7.4046226
7.2389197
7.1460986
7.205413
7.38326
7.123315
7.152998
7.1410503
7.103904
6.927342
6.9893465
6.9872065
6.9830728
7.0003257
7.0524387
6.9956837
7.156543
6.92014
6.9336076
6.92562
6.933297
7.047907
6.968267
6.9055834
6.927393
6.900238
6.9323516
6.9848275
6.9324627
6.9935155
7.0122466
6.915934
6.87715
6.7838993
6.9274898
7.02188
6.960077
6.8568196
6.84916
6.8739805
6.805909
7.0232105
6.976796
7.1620784
6.98554
7.0594335
7.1726813
7.117077
7.0843477
6.9840612
7.0516305
7.0818725
7.13322
7.2462
7.2531347
7.4447145
7.247702
7.385884
7.3881187
7.348054
7.3549848
7.3069606
7.295226
7.4084196
7.4072185
7.32407
7.134915
7.1402802
7.348753
7.326952
7.3860836
7.301414
7.352852
7.1397324
7.2567964
7.180417
7.384012
7.327613
7.320225
7.2698503
6.9508324
6.823451
7.064784
7.07481
7.0156984
6.9751663
6.999586
6.7916307
6.7020082
6.8624544
6.8348713
6.796733
6.8540964
6.777721
6.7045083
6.879064
6.880415
6.8754573
6.8202252
6.922157
6.867433
7.0032434
6.7499814
6.8869286
6.9590297
6.842789
6.899884
6.9315467
7.052388
6.875187
6.86619
6.810233
6.9693336
6.959054
7.0938783
6.8518467
7.052308
6.92883
6.8853545
7.1637826
7.0542946
7.0223475
7.0357895
7.285042
7.214948
7.3472357
7.0678525
7.321266
7.0774026
7.2450314
7.396983
7.3416286
7.5042806
7.4108496
7.3179936
7.410919
7.5764875
7.299331
7.4687552
7.461245
7.430969
7.2848434
7.4454074
7.517765
7.3309574
7.321741
7.371325
7.2399135
7.2431912
7.3046875
7.40035
7.382713
7.3304067
7.229532
7.231661
7.08255
7.166547
7.144628
7.038232
6.853929
6.86531
6.9836235
6.915767
6.892351
6.8772607
6.8882637
6.897458
6.9143004
6.869504
6.8018456
6.6990128
6.8974304
6.687386
6.816019
6.8357716
6.9671516
6.8479013
6.831818
6.9609303
6.790308
6.8586974
7.007166
6.839414
6.9313493
6.960084
7.0076756
6.854332
6.910554
6.945681
7.021123
6.9804773
6.8580484
6.986864
6.8923965
7.085464
7.085621
7.0001173
7.2122583
6.9292383
7.1801505
6.99615
7.229884
7.191236
7.1744103
7.049996
7.0670495
7.0812387
7.101828
7.405813
7.3401427
7.3389125
7.335066
7.352516
7.3698997
7.4313784
7.168217
7.216304
7.284224
7.242711
7.2976785
7.2234974
7.2528563
7.1331797
7.3755927
7.044983
7.1768804
7.1144896
7.1324134
7.196103
7.2424445
7.1254306
7.025283
7.05789
7.209339
6.9709334
7.018936
7.0476594
6.957134
7.0678835
7.0342693
6.897909
6.89004
6.854302
6.8382363
6.734707
6.906773
6.786427
6.9848957
6.7337027
6.917363
6.8604856
6.877797
6.8685894
7.1750836
7.200717
7.160557
7.059591
6.8478794
6.562827
6.460951
6.6084805
6.605036
6.191396
6.0069246
5.680371
5.3307385
5.4387054
3.6532962
3.356816
4.1391516
3.7699056
3.6884787
2.8774722
4.1497827
3.631851
3.4799874
3.181529
3.0449965
3.278843
3.302669
3.9011474
3.7452593
3.1901078
3.3156319
3.792001
3.2624712
3.5996308
3.1287928
3.8955169
3.4781382
3.3105052
3.383322
4.163921
4.0135446
4.089813
3.927407
3.0810184
3.2830071
3.561078
3.4279785
3.5988352
3.7623425
3.8694456
3.6113648
5.345646
5.693369
5.861437
6.684717
6.6076775
7.0948873
6.770476
6.8047123
6.9381003
7.091599
6.7632384
6.999879
6.936933
7.072804
6.71077
7.0021243
6.9253187
7.071476
7.1364894
7.3380303
6.9073734
7.2653017
7.0068774
7.1817083
7.189888
7.0306835
7.1999073
7.1437783
6.9874344
6.9971056
7.1101313
6.831258
7.1145678
6.990157
7.038027
7.047679
7.0825796
6.957348
7.2454205
7.3518505
7.2218933
7.392002
7.4930096
7.279318
7.395866
7.3158135
7.4164014
7.561301
7.4612074
7.498904
7.590028
7.6095195
7.5738325
7.5038414
7.615346
7.5885906
7.654599
7.5861993
7.7185035
7.595353
7.5729256
7.5138035
7.6638756
7.4191737
7.5333314
7.621305
7.3147
7.6375513
7.436479
7.369899
7.51008
7.2915053
7.2604003
7.414563
7.195439
7.225789
7.2450614
7.422982
7.4474425
7.159127
7.275889
7.3016224
7.2909737
7.4173784
7.374262
7.325363
7.237245
7.297384
7.4463897
7.4945517
7.542555
7.3652854
7.6337843
7.4063916
7.514828
7.4294024
7.555658
7.5697794
7.4551167
7.477633
7.553157
7.468969
7.4670753
7.5667224
7.492864
7.648321
7.5767317
7.649084
7.648044
7.76361
7.739576
7.745746
7.8378925
7.8117933
7.6938286
7.7692046
7.630647
7.6800475
7.631077
7.628255
7.374842
7.338631
7.6589684
7.5294704
7.356463
7.3878803
7.3212805
7.4150925
7.5113945
7.4960375
7.2126756
7.3969083
7.246696
7.309514
7.2159634
7.3537116
7.3196554
7.232765
7.357083
7.2141805
7.507725
7.346294
7.289702
7.450119
7.2737494
7.3244796
7.242287
7.386505
7.2245145
7.2813783
7.4707165
7.3710194
7.4176197
7.4328756
7.537319
7.4746623
7.5040407
7.4667344
7.607902
7.5869217
7.5155993
7.499618
7.6648664
7.7100444
7.8679843
7.730618
7.783965
7.744403
7.83164
7.795916
7.7209287
7.847069
7.7535553
7.6742654
7.604779
7.511938
7.3834925
7.6122537
7.666053
7.581741
7.7471395
7.566659
7.6244516
7.487783
7.5171833
7.5622244
7.2986026
7.390527
7.484864
7.36826
7.3767657
7.464113
7.439648
7.4436955
7.4458256
7.511524
7.665191
7.4208927
7.413574
7.477515
7.4780693
7.6192226
7.5481215
7.6184893
7.666405
7.7131443
7.8876185
7.753346
7.9346433
7.7600493
7.6739216
7.749002
7.74403
7.880058
7.8271284
7.902365
7.7610745
7.794653
7.79264
7.703146
7.747018
7.6634927
7.7020974
7.606988
7.521139
7.7768593
7.685296
7.5071335
7.6061673
7.473748
7.618557
7.5511923
7.4475927
7.436204
7.502275
7.343149
7.500449
7.426893
7.2733665
7.4263563
7.5179043
7.4644084
7.4244576
7.214167
7.327862
7.5571947
7.445413
7.366319
7.3542995
7.7708397
7.6071496
7.8377137
7.6679077
7.683105
7.788602
7.868206
7.7873545
7.918176
7.7822657
7.9587173
7.9011993
7.904128
7.786948
7.6784477
7.7731085
7.7535563
7.475156
7.6642265
7.558755
7.6232333
7.6270523
7.419755
7.523168
7.4390693
7.431796
7.4403996
7.461768
7.3887444
7.3772993
7.280689
7.310499
7.421241
7.2428603
7.3714914
7.6347394
7.4300117
7.3122916
7.289522
7.2916207
7.5531244
7.3507185
7.574651
7.6756744
7.6682787
7.614396
7.6849484
7.7798133
7.938551
7.892168
8.0100355
7.923335
7.8882036
7.882379
7.823247
7.874656
7.9965982
7.84153
7.9181294
7.710181
7.754069
7.6574297
7.6919537
7.56305
7.44447
7.4587803
7.4528418
7.5088615
7.410382
7.3195148
7.256738
7.329247
7.34941
7.3818436
7.4280252
7.226734
7.3436503
7.1827846
7.427801
7.419934
7.3320026
7.258547
7.5417814
7.4978905
7.607827
7.6430006
7.620639
7.6252747
7.688442
7.660081
7.541869
7.71579
7.6933165
7.748291
7.5774484
7.5881824
7.6489477
7.650636
7.568964
7.699593
7.551512
7.4274063
7.2011323
7.2330337
7.1000943
7.0607944
6.8917837
7.0928116
7.1103363
7.0944777
7.0249944
6.79986
7.0086374
7.1044555
6.995738
7.0746703
7.1020823
7.399576
7.3643284
7.449665
7.415447
7.38701
7.495269
7.5539665
7.32695
7.5670643
7.249774
7.5999293
7.462554
7.730788
7.544788
7.7135196
7.7659163
7.5696025
7.601603
7.7065525
7.6861606
7.582282
7.623739
7.3210793
7.378568
7.5969563
7.221018
7.0620804
7.4201107
7.164001
7.1730437
7.24942
7.0253344
6.7745886
6.985362
6.835587
6.764354
6.99065
6.995098
7.0252085
7.011896
7.050536
7.030557
7.091444
7.06682
7.1886473
7.3846583
7.1334143
7.2119217
7.4348154
7.3040733
7.4203286
7.4800057
7.6773376
7.883393
7.544997
7.462101
7.3546777
7.299114
7.13325
7.3262315
7.2117434
7.058477
7.034933
7.0295544
7.114484
6.9623156
7.1011844
7.260845
7.208045
6.788383
7.1497283
7.0981216
7.0389276
6.8512325
6.8079467
6.8904405
6.8731246
6.8251104
7.0579576
7.182421
7.126227
7.050997
6.938677
6.978592
7.1470213
7.0520406
7.0037007
7.362048
7.421083
7.5688334
7.4447007
7.6558967
7.2743926
7.5261106
7.2093906
7.143529
7.3488927
7.3778253
7.1936727
7.345154
7.540468
7.148588
7.2696652
7.050796
7.1041727
6.9872656
7.167734
6.872795
6.7122517
6.822604
6.8740582
6.877573
6.8166747
6.7520027
6.6316853
6.7285366
6.753346
6.79066
6.721342
6.8163905
7.033461
6.9464417
6.902812
7.0524364
7.1889095
7.121576
6.9223638
7.1239495
7.0232253
7.12665
7.042688
7.034885
7.0386
6.8523936
6.808687
6.884065
6.8192725
6.730188
6.6284337
6.9658966
6.6782355
6.651882
6.439602
6.6425457
6.510225
6.3342466
6.490463
6.396467
6.543045
6.583452
6.386492
6.540964
6.577421
6.6027355
6.6701803
6.7548523
6.684416
6.8108525
6.8088784
6.810166
6.9175797
6.96783
7.066285
6.611732
6.793666
6.75618
6.5497155
6.549846
6.661864
6.806963
6.6024475
6.391077
6.7270327
6.774745
6.3262153
6.411922
6.4096136
6.386855
6.167335
6.254091
6.2289896
6.246606
6.129756
6.0642014
6.097697
6.4541426
6.1572967
5.887974
6.2868805
6.2619605
6.021372
6.286539
6.0378547
6.212926
6.110858
6.367088
6.2891145
6.33026
6.277898
6.2779007
6.5409026
6.233384
6.3439097
6.302626
6.438153
6.1569967
6.542228
6.267128
6.3059444
6.1416283
6.3149557
6.234707
6.296739
6.1413836
6.1462927
6.107788
6.342299
6.2788563
6.1908765
6.2843122
6.1453466
6.073781
6.0716734
5.866391
5.8186707
6.1876154
5.7458076
5.720697
5.911302
5.835108
5.877679
5.8226633
5.8992214
5.7604933
6.016603
5.66671
5.958352
5.833605
5.830224
5.674737
6.139239
6.1419587
6.0623755
6.054981
6.231027
6.0295568
6.1576915
6.0897613
6.1443787
6.044844
5.959845
6.24294
6.2120085
6.3855786
6.345032
6.5322666
6.3346925
6.2209826
6.312643
6.2859354
6.479649
6.2812567
6.5647693
6.407563
6.400996
6.501534
6.411436
6.464169
6.436243
6.3182755
6.403159
6.3880124
6.2450233
6.5510473
6.4012156
6.483418
6.3091173
6.359856
6.5301776
6.2824535
6.562137
6.6208844
6.3717747
6.397627
6.320093
6.4841814
6.3459606
6.3008156
6.3590975
6.098669
6.003878
6.1041408
6.3446527
6.459943
6.619186
6.385831
6.457849
6.507294
6.362897
6.5568104
6.322532
6.586667
6.27899
6.5111146
6.3519588
6.519687
6.664775
6.391621
6.3306766
6.2680063
6.666082
6.7074003
6.490712
6.792225
6.800852
6.493479
6.6960773
6.5884423
6.8650727
6.35644
6.6160407
6.6435714
6.759101
6.7334704
6.734909
6.7607684
6.5591235
6.641279
6.7961226
6.746026
6.5324345
6.278026
6.559199
6.4449005
6.4612703
6.297464
6.329255
6.4441476
6.435324
6.56421
6.676648
6.762104
6.5863557
6.6211653
6.501527
6.578601
6.4203677
6.589974
6.5685396
6.595817
6.8068504
6.945952
6.6967974
7.0051136
6.6814294
6.772155
6.756096
6.879439
6.823449
6.9238067
6.6094103
6.691668
6.7025704
6.8506746
6.6933675
6.976301
6.675077
6.773442
6.658231
6.614413
6.71776
6.765294
6.630348
6.5256295
6.4491935
6.488229
6.7999363
6.7281795
6.843543
6.606568
6.5750113
6.5620575
6.6840286
6.6774664
6.460417
6.7925076
6.5661416
6.778589
6.655154
6.5598598
6.6036587
6.5068555
6.3640814
6.1293554
6.2338505
6.4947557
6.478709
6.461658
6.643919
6.583484
6.4878983
6.4992957
6.5218205
6.118783
6.2339664
6.072938
5.90513
5.892867
5.882889
5.9529133
6.1531367
6.0122848
5.9943542
6.2673526
5.9823494
5.9693604
5.9824314
5.8927407
5.871684
6.1491055
6.0886135
6.034001
5.9372406
6.064581
6.0209084
6.021029
5.9671144
5.985174
6.0271816
6.0211515
6.158141
6.0478206
6.3192897
6.011752
6.2561374
6.1149325
6.0564346
6.0874186
6.218313
6.0806355
6.054394
6.0665727
6.1879
6.219931
6.034148
6.0599923
5.971607
6.036889
5.9717407
5.9151034
5.9597683
5.865449
5.928406
5.8709793
5.7660713
5.8362966
6.013002
6.0365725
6.006333
5.771013
5.8037806
5.8014708
5.6281605
5.8557673
5.9114027
5.7886505
5.778254
5.9080515
5.678015
5.8983793
5.848622
5.6926804
6.0032625
5.987052
6.1094623
6.0548058
6.0187845
5.760466
5.637964
5.855216
5.9130754
5.8044977
5.776951
5.830101
5.879801
5.8131666
5.8481197
5.725234
5.828058
6.0718293
6.1321983
6.083359
5.7711964
5.821794
5.975831
6.1331406
5.8816795
6.10779
6.0576334
6.124672
6.047072
6.2332053
5.891102
6.1252146
5.7125406
5.9788613
5.8857026
6.1227646
5.815354
6.182162
5.8623934
6.0962496
5.9747114
5.986333
6.0887065
5.810033
5.892473
5.822668
6.111701
6.1552963
5.932377
6.0080194
6.141724
6.118443
6.084458
5.938092
5.825651
6.1527405
5.855298
5.8319845
5.834997
5.886856
5.824372
5.920244
5.9045763
6.036843
5.765461
6.2721615
5.86736
5.7297554
5.805314
5.6134396
5.770904
5.745042
5.8978577
5.8988123
5.8203926
5.76746
5.6894503
5.91331
5.827446
5.925065
5.746775
5.796339
5.9261155
6.0380607
5.9596643
5.8834486
5.8874254
5.8555856
5.844537
5.6493325
5.470526
5.8560934
5.7994165
5.705649
5.627543
5.492793
5.595413
5.3174696
5.448099
5.2797613
5.565879
5.5407743
5.3625565
5.44662
5.2383704
5.682334
5.2875857
5.4725876
5.5018663
5.386526
5.3947573
5.584557
5.4176188
5.5132537
5.167461
5.6731253
5.3600698
5.444539
5.6060977
5.391027
5.5681553
5.48185
5.42633
5.5016823
5.6876364
5.719883
5.7156324
5.4156046
5.8825116
5.677326
5.690953
5.8998694
5.5470915
5.5916066
5.550993
5.6458745
5.3456025
5.542841
5.552718
5.668771
5.5383115
5.5876355
5.5598483
5.576537
5.6848636
5.531352
5.5150785
5.4903665
5.557392
5.4672275
5.4884877
5.861407
5.5120544
5.5442286
5.4150167
5.767943
5.764547
5.6215525
5.745924
5.3787694
5.8862104
5.726878
5.66392
5.5778155
5.770708
5.63005
5.5222607
5.4351635
5.588849
5.6126523
5.6207294
5.4786053
5.585737
5.407874
5.5335574
5.5352573
5.3973813
5.437188
5.6123867
5.471738
5.484087
5.350911
5.2095146
5.4300437
5.3776016
5.440233
5.293869
5.30604
5.317331
5.1869254
5.3039675
5.261471
5.3344965
5.270182
5.437883
5.3561068
5.2681913
5.2974577
5.359709
5.31143
5.364505
5.3607373
5.39329
5.2128534
5.297996
5.3025894
5.3071823
5.399395
5.2429576
5.1563697
5.234677
5.214454
5.037346
4.999373
5.221256
5.241511
5.3289313
5.1930294
5.243803
