10000
9.851137
9.834766
9.782599
9.812405
9.761914
9.796153
9.769943
9.749743
9.728018
9.62072
9.579968
9.557968
9.542389
9.457878
9.483251
9.416344
9.435957
9.337912
9.245485
9.212648
9.223405
9.252908
9.129717
9.022008
9.120184
9.0864525
9.110327
9.0161495
8.935708
8.921913
8.812973
8.815264
8.709947
8.710626
8.612613
8.611838
8.503705
8.385309
8.297818
8.352649
8.370876
8.2004795
8.099696
8.055511
8.045299
7.891272
7.7724805
7.8147793
7.615676
7.538988
7.275063
7.4940786
7.3265996
7.1528726
7.0724626
7.0072923
6.989936
6.8531337
6.9441466
6.9551315
7.0372324
7.0034447
6.9390793
6.7843485
6.945075
6.8482227
6.8268523
6.851306
6.8888526
6.957365
6.9360986
7.0075636
6.957744
6.948209
6.9973364
6.9781656
7.1082115
6.991316
7.0609126
6.7981353
7.050455
6.8970003
6.978985
6.8521533
7.004354
6.8453555
6.902952
7.026513
6.9575458
6.9584937
6.9730144
7.231437
7.405394
7.3997707
7.4907074
7.562598
7.5878134
7.8347588
7.949037
8.242759
8.159434
8.207591
8.182029
8.038648
8.08807
8.238558
8.300396
8.274792
8.231157
8.502648
8.402313
8.329925
8.299692
8.227012
8.177339
8.122087
8.115588
8.1922245
8.135281
8.112402
8.0527935
7.9743886
7.9109716
8.049882
7.981888
7.9754405
7.9833946
7.9042044
7.8552003
7.78082
7.7483807
7.6529627
7.595667
7.6487765
7.5629716
7.586228
7.50424
7.6164618
7.56009
7.563169
7.609314
7.5907784
7.550301
7.566706
7.5004196
7.580292
7.528427
7.5580277
7.609461
7.5432463
7.503538
7.6096573
7.49375
7.49506
7.416785
7.4121504
7.393703
7.4151974
7.2809095
7.3273287
7.372445
7.336855
7.2995834
7.3935304
7.32115
7.2612042
7.2610583
7.340756
7.3543015
7.3380084
7.3717337
7.398901
7.508573
7.538267
7.3181987
7.3887157
7.3032146
7.2736764
7.316769
7.265762
7.1667333
7.127184
7.114278
7.1241508
7.0333734
7.105095
7.1026506
7.0871663
7.121438
7.012429
7.185803
7.0506225
7.0187244
6.9175816
6.8718376
6.794256
6.7783675
6.673889
6.5295076
6.885119
6.598226
6.696674
6.555719
6.569548
6.558917
6.3650427
6.36687
6.412646
6.3875523
6.2515125
6.3362036
6.25565
6.5286694
6.4319797
6.5967426
6.223611
6.461956
6.6041636
6.6277046
6.694868
6.503494
6.658503
6.5326786
6.8279004
6.6969786
6.725003
6.4850445
6.794491
6.592379
6.7727346
6.7345138
6.692289
6.658492
6.6734343
6.7085576
6.6976852
6.627769
6.560336
6.6720605
6.705097
6.5682945
6.6425366
6.454467
6.7423725
6.634688
6.8504295
6.4775248
6.860688
6.7910137
6.7334175
6.7401924
6.366429
6.659014
6.549228
6.5555234
6.505156
6.6030803
6.5631
6.7550616
6.7437506
6.555622
6.5062633
6.6864023
6.6143723
6.7168493
6.63663
6.5950265
6.7601643
6.790248
6.6321087
6.7011895
6.6817975
6.6338825
6.569307
6.6790886
6.4680834
6.616705
6.8186235
6.6834383
6.58414
6.7322364
6.7244625
6.664758
6.6466265
6.5365286
6.634454
6.5120063
6.7011695
6.692739
6.608181
6.5613623
6.568243
6.4549727
6.4396577
6.636961
6.2819924
6.429124
6.507171
6.317816
6.4280076
6.2584987
6.343719
6.451196
6.15812
6.3111763
6.1801333
6.5182247
6.4248333
6.426107
6.380328
6.405952
6.5189886
6.4739823
6.3786926
6.5364685
6.5990505
6.6089573
6.2312565
6.67767
6.4755235
6.562091
6.454318
6.562215
6.3686323
6.61648
6.55165
6.536045
6.4560146
6.5062647
6.441706
6.546832
6.3598585
6.5755334
6.2868004
6.520904
6.3057857
6.5191393
6.528515
6.356473
6.4044404
6.428105
6.502173
6.4454875
6.3732553
6.28817
6.2879653
6.359145
6.379868
6.367891
6.312513
6.438939
6.3514977
6.3556366
6.2002525
6.4671655
6.458406
6.4940786
6.5378437
6.6110306
6.5196695
6.52455
6.5961432
6.5966673
6.674217
6.921746
6.8479156
6.8743234
6.814503
6.8872247
6.8603697
6.845896
6.8879533
6.911027
6.941843
7.126245
6.9443407
7.115904
6.9473104
7.0131726
6.8575535
6.905281
6.9326096
6.9549694
6.8364196
6.7979107
6.9139347
6.966111
6.850078
6.891142
6.802238
6.8075557
6.800099
6.7040167
6.6800704
6.588518
6.6320515
6.7631526
6.7644434
6.702672
6.675187
6.7787814
6.5863295
6.694194
6.6625776
6.6636314
6.4949813
6.5989566
6.6477737
6.529649
6.5589604
6.6558146
6.5733337
6.6678314
6.7061315
6.700575
6.7708817
6.736641
6.6336293
6.6829634
6.6513557
6.828012
6.587133
6.79098
6.6086416
6.6562243
6.658313
6.767268
6.6020794
6.645547
6.7299056
6.7892566
6.6395535
6.7972264
6.89511
6.8193603
6.7155356
6.6345506
6.7005525
7.011129
6.8884025
6.8154783
6.8720427
6.9658647
6.829153
6.8885717
6.9413204
7.011171
6.936378
7.134065
7.02403
6.900437
6.81114
6.8892727
6.907706
6.717273
6.7968245
6.928893
6.886945
6.88231
6.901615
6.853017
6.985055
6.774981
7.01495
6.8165946
6.842286
6.8968
6.7188826
6.937818
6.779311
6.658255
6.9053993
6.925022
6.7462673
6.8247747
6.8514986
6.842296
7.0558987
6.7643857
6.861896
6.81769
6.936263
6.71605
6.9345417
6.819237
6.955823
6.898038
6.9712033
6.967694
6.903756
7.059668
7.023032
6.948045
7.0922103
7.0309687
7.1724153
7.2883897
7.0069532
7.408155
7.302298
7.2692003
7.2283087
7.324692
7.18454
7.27919
7.1788197
7.396044
7.3781743
7.454357
7.415466
7.4337983
7.3434105
7.1625967
7.20664
7.114869
7.3481445
7.388715
7.4046226
7.2389197
7.1460986
7.205413
7.38326
7.123315
7.152998
7.1410503
7.103904
6.927342
6.9893465
6.9872065
6.9830728
7.0003257
7.0524387
6.9956837
7.156543
6.92014
6.9336076
6.92562
6.933297
7.047907
6.968267
6.9055834
6.927393
6.900238
6.9323516
6.9848275
6.9324627
6.9935155
7.0122466
6.915934
6.87715
6.7838993
6.9274898
7.02188
6.960077
6.8568196
6.84916
6.8739805
6.805909
7.0232105
6.976796
7.1620784
6.98554
7.0594335
7.1726813
7.117077
7.0843477
6.9840612
7.0516305
7.0818725
7.13322
7.2462
7.2531347
7.4447145
7.247702
7.385884
7.3881187
7.348054
7.3549848
7.3069606
7.295226
7.4084196
7.4072185
7.32407
7.134915
7.1402802
7.348753
7.326952
7.3860836
7.301414
7.352852
7.1397324
7.2567964
7.180417
7.384012
7.327613
7.320225
7.2698503
6.9508324
6.823451
7.064784
7.07481
7.0156984
6.9751663
6.999586
6.7916307
6.7020082
6.8624544
6.8348713
6.796733
6.8540964
6.777721
6.7045083
6.879064
6.880415
6.8754573
6.8202252
6.922157
6.867433
7.0032434
6.7499814
6.8869286
6.9590297
6.842789
6.899884
6.9315467
7.052388
6.875187
6.86619
6.810233
6.9693336
6.959054
7.0938783
6.8518467
7.052308
6.92883
6.8853545
7.1637826
7.0542946
7.0223475
7.0357895
7.285042
7.214948
7.3472357
7.0678525
7.321266
7.0774026
7.2450314
7.396983
7.3416286
7.5042806
7.4108496
7.3179936
7.410919
7.5764875
7.299331
7.4687552
7.461245
7.430969
7.2848434
7.4454074
7.517765
7.3309574
7.321741
7.371325
7.2399135
7.2431912
7.3046875
7.40035
7.382713
7.3304067
7.229532
7.231661
7.08255
7.166547
7.144628
7.038232
6.853929
6.86531
6.9836235
6.915767
6.892351
6.8772607
6.8882637
6.897458
6.9143004
6.869504
6.8018456
6.6990128
6.8974304
6.687386
6.816019
6.8357716
6.9671516
6.8479013
6.831818
6.9609303
6.790308
6.8586974
7.007166
6.839414
6.9313493
6.960084
7.0076756
6.854332
6.910554
6.945681
7.021123
6.9804773
6.8580484
6.986864
6.8923965
7.085464
7.085621
7.0001173
7.2122583
6.9292383
7.1801505
6.99615
7.229884
7.191236
7.1744103
7.049996
7.0670495
7.0812387
7.101828
7.405813
7.3401427
7.3389125
7.335066
7.352516
7.3698997
7.4313784
7.168217
7.216304
7.284224
7.242711
7.2976785
7.2234974
7.2528563
7.1331797
7.3755927
7.044983
7.1768804
7.1144896
7.1324134
7.196103
7.2424445
7.1254306
7.025283
7.05789
7.209339
6.9709334
7.018936
7.0476594
6.957134
7.0678835
7.0342693
6.897909
6.89004
6.854302
6.8382363
6.734707
6.906773
6.786427
6.9848957
6.7337027
6.917363
6.8604856
6.877797
6.8685894
7.1750836
7.200717
7.160557
7.059591
6.8478794
6.562827
6.460951
6.6084805
6.605036
6.191396
6.0069246
5.680371
5.3307385
5.4387054
4.7991676
4.70969
3.052966
3.6943002
2.5738964
2.9723754
2.925161
2.1211479
3.1002991
3.2437081
3.2948954
2.9071214
2.5012856
2.790624
3.0064092
2.4115877
2.3435383
2.7896004
2.4303212
2.8703084
3.6566184
2.7027082
3.0141368
4.3298597
2.6013532
3.7668025
2.4422278
2.9842882
3.3908932
2.9100175
3.617623
2.9670966
2.701954
2.9135406
3.4276698
2.6209617
3.2695491
2.961468
3.3413913
2.8355474
2.975005
3.7249146
2.5600944
2.9041753
3.3040824
2.61358
2.7334554
2.7694592
2.5173252
2.8609707
2.5827742
3.253075
3.5102656
3.412513
3.2486258
3.0139232
3.422481
2.2396407
2.5100372
3.6907613
4.168346
3.384851
3.3273346
3.3530645
2.953552
2.799393
3.574384
3.6833804
2.5158072
3.0936718
2.8559155
3.7557654
2.5715456
3.1767461
3.1945825
2.9519348
2.7378395
2.4618275
3.5413065
2.7413034
3.5647657
3.2972603
3.8170118
7.12178
7.106527
7.3855886
7.3071365
7.4989204
7.4713774
7.7594967
7.520015
7.580163
7.6397
7.6309066
7.573609
7.6789184
7.498176
7.494624
7.511326
7.4851375
7.530271
7.63245
7.4904613
7.4253993
7.482204
7.4507904
7.510449
7.526328
7.293294
7.4090824
7.386399
7.3147
7.2363296
7.291945
7.4215517
7.391039
7.2923865
7.403163
7.3185797
7.4005375
7.5409203
7.414916
7.5219145
7.334514
7.297384
7.4463897
7.4945517
7.542555
7.5461936
7.435407
7.4990883
7.3667793
7.550539
7.555658
7.5697794
7.3393903
7.477633
7.553157
7.468969
7.4437814
7.449906
7.485037
7.648321
7.603055
7.5507364
7.648044
7.76361
7.739576
7.745746
7.8378925
7.8117933
7.6938286
7.7801385
7.669666
7.6800475
7.631077
7.628255
7.374842
7.338631
7.492322
7.6764636
7.356463
7.449478
7.3212805
7.3945284
7.411416
7.5193715
7.2126756
7.3969083
7.246696
7.345495
7.1679916
7.371166
7.2910705
7.1723967
7.4766335
7.2141805
7.3852677
7.346294
7.376099
7.3469176
7.4384065
7.4298954
7.2061462
7.386505
7.2245145
7.2813783
7.475745
7.3237205
7.2686996
7.4328756
7.537319
7.4746623
7.51911
7.467513
7.657991
7.570947
7.5176153
7.499618
7.6648664
7.7100444
7.8404036
7.6900053
7.783965
7.772152
7.7868447
7.830229
7.717602
7.8784485
7.7874174
7.6553354
7.482415
7.5533338
7.3700323
7.6122537
7.666053
7.581741
7.6890693
7.541232
7.6244516
7.479802
7.4284368
7.5755997
7.2471104
7.3723416
7.3274155
7.3297796
7.2377152
7.464113
7.439648
7.4436955
7.4458256
7.495204
7.665191
7.3787823
7.413574
7.477515
7.4780693
7.6192226
7.595405
7.466342
7.7576427
7.6999636
7.8876185
7.7994223
7.9205356
7.7988515
7.6739216
7.749002
7.7490926
7.855708
7.774921
7.9201975
7.802018
7.794653
7.79264
7.7369194
7.706253
7.7381444
7.6125836
7.606988
7.6441197
7.6121216
7.6034303
7.4712877
7.55188
7.47036
7.533271
7.4202843
7.3204017
7.3084435
7.4068623
7.343149
7.500449
7.4444966
7.2621036
7.552765
7.5179043
7.4644084
7.4768705
7.3172183
7.297754
7.5091147
7.5440927
7.335232
7.5031686
7.701413
7.662641
7.778547
7.6679077
7.7372284
7.7505255
7.923701
7.6903114
7.8667536
7.7822657
7.9587173
7.9011993
7.904128
7.7772913
7.675693
7.6656733
7.926778
7.5383983
7.778632
7.7700033
7.652995
7.6560936
7.537736
7.5209813
7.5094633
7.4885535
7.5374546
7.576159
7.5427976
7.3670883
7.528784
7.569451
7.3799496
7.2428603
7.3714914
7.4241858
7.4300117
7.286023
7.5190053
7.2916207
7.357697
7.551873
7.3583975
7.727237
7.6682787
7.614396
7.6849484
7.7798133
7.938551
7.892168
8.0100355
7.923335
7.8882036
7.882379
7.823247
7.874656
7.9965982
7.84153
7.9181294
7.710181
7.754069
7.6574297
7.6919537
7.56305
7.44447
7.4587803
7.4528418
7.5088615
7.489362
7.3195047
7.256738
7.329247
7.34941
7.249719
7.3641434
7.226734
7.3436503
7.1827846
7.427801
7.419934
7.3320026
7.258547
7.5417814
7.4978905
7.607827
7.707492
7.527109
7.6252747
7.754469
7.607309
7.541869
7.71579
7.580178
7.5844727
7.5774484
7.5881824
7.6489477
7.650636
7.568964
7.7714334
7.556297
7.512316
7.3008785
7.2156353
7.1002045
7.037842
6.911398
7.0928116
7.115685
7.1438417
7.0249944
6.79986
7.0086374
7.1240826
6.867977
7.054307
7.3347673
7.3705688
7.201541
7.291442
7.351763
7.3730474
7.503624
7.5904484
7.3204107
7.487102
7.430116
7.5735855
7.5134635
7.479154
7.737935
7.7162123
7.801848
7.576366
7.577268
7.4902954
7.669915
7.579875
7.50416
7.3512845
7.1884217
7.3409386
7.1463842
7.0279737
7.239501
7.0319924
7.0567236
7.296302
7.0133142
6.9541044
7.0408845
6.994156
6.7323513
7.0563536
7.0065813
6.937225
6.9324617
6.9754014
7.160012
7.385783
7.0741205
7.4256277
7.297142
7.5081105
7.229868
7.553805
7.3107004
7.5525045
7.7575874
7.3243995
7.435258
7.5265613
7.413532
7.277829
7.253489
7.1098676
7.483572
7.473146
6.9914846
7.126483
6.9836807
7.2050176
6.942302
6.9607096
7.0267577
7.1435957
6.6952124
6.8811193
7.0981216
7.0389276
6.8512325
6.7394867
7.006213
6.8944373
6.777023
7.15342
6.864923
7.126227
7.050997
6.6746016
6.9321413
6.947605
7.0520406
7.2202044
7.362048
7.421083
7.2925854
7.453449
7.3328514
7.2743926
7.5261106
7.2093906
7.143529
7.3956866
7.370583
7.4698725
7.081378
7.1805916
7.148588
7.2696652
7.075041
7.1041727
7.1106305
6.8673882
7.0221915
6.7122517
6.663913
6.566966
6.801546
6.738375
6.719744
6.758939
6.7285366
6.6726055
6.794316
6.5654488
6.787754
6.9366355
6.9464417
6.902812
7.1477337
7.252841
7.1246758
6.975519
7.197269
7.0875793
7.1355
7.132394
7.1982565
7.147463
6.6804047
6.808687
6.884065
6.9411745
6.7041774
6.6284337
6.9658966
6.6782355
6.6944523
6.409892
6.6888514
6.412949
6.3342466
6.5424643
6.3858194
6.3955097
6.507364
6.202277
6.6215677
6.610006
6.6176105
6.7363453
6.7548523
6.66376
6.8108525
6.8088784
6.921679
7.059169
6.96783
7.066285
6.611732
6.793666
6.75618
6.5497155
6.549846
6.661864
6.806963
6.6024475
6.6402054
6.7270327
6.508783
6.307908
6.411922
6.4096136
6.328777
6.2695365
6.2141676
6.304978
6.145288
6.129756
6.1709237
6.1107965
6.2542543
6.286872
6.057428
6.4803348
6.310137
6.021372
6.286539
6.0378547
6.212926
6.110858
6.1222067
6.2891145
6.227215
6.055055
6.247257
6.402091
6.233384
6.3439097
6.302626
6.438153
6.1569967
6.1861076
6.1741076
6.097752
6.2039948
6.261058
6.399615
6.3423924
6.266526
6.3049736
6.107788
6.2237234
6.1441994
6.1908765
6.2792025
5.990507
6.0903254
6.0716734
5.811315
5.867604
5.9149294
5.989687
5.9070816
5.911302
5.835744
5.723677
5.941779
5.9584966
5.7604933
6.016603
5.784518
5.7302566
6.0474777
5.830224
5.674737
6.3111553
6.1419587
6.0623755
6.054981
6.231027
6.0295568
6.2916594
6.0897613
6.1443787
6.0486736
5.959845
6.24294
6.2325525
6.238779
6.345032
6.5322666
6.2920337
6.1783285
6.275036
6.2865424
6.45346
6.438205
6.485073
6.4671006
6.495742
6.501534
6.470663
6.4215817
6.4378724
6.381518
6.494951
6.3880124
6.341256
6.5298357
6.445635
6.427311
6.487776
6.349181
6.5085917
6.3482714
6.652205
6.421044
6.458049
6.4658804
6.445293
6.5107927
6.3922415
6.416094
6.38369
6.1715083
6.158269
6.220255
6.291476
6.5949974
6.40088
6.4085364
6.4889627
6.6173744
6.59512
6.53613
6.5064316
6.696529
6.3777266
6.5111146
6.3128457
6.4878902
6.390388
6.2825465
6.3306766
6.2680063
6.666082
6.7074003
6.6073766
6.647746
6.69206
6.6734796
6.531264
6.7555995
6.695694
6.5879674
6.7234516
6.8523154
6.599283
6.870335
6.606908
6.8690953
6.5254827
6.76224
6.5343385
6.778988
6.2381716
6.278026
6.6535177
6.4324665
6.473572
6.3563766
6.430201
6.475563
6.498967
6.6052117
6.639756
6.580974
6.5863557
6.6211653
6.501527
6.578601
6.397665
6.6593475
6.5685396
6.6601515
6.910811
6.722531
6.6967974
6.857391
6.8379374
6.743762
6.756096
6.801548
6.972396
6.678515
6.6094103
6.719548
6.692841
6.673458
6.8369255
6.830415
6.8091197
6.632393
6.8171487
6.614413
6.71776
6.6700077
6.590649
6.5256295
6.4251738
6.590469
6.721143
6.7281795
6.721184
6.606568
6.7467318
6.5519104
6.6655364
6.541818
6.55744
6.771544
6.7306867
6.8173404
6.6565056
6.607056
6.708926
6.5920215
6.3911047
6.379128
6.449879
6.645265
6.6627235
6.5769734
6.6351104
6.6530585
6.4851675
6.5886574
6.479504
6.0471425
6.2837195
6.084264
5.881623
5.837046
5.8335896
5.903357
6.258246
6.163048
6.0866284
6.0391655
6.169383
5.994273
6.0267477
5.8927407
6.0805492
6.074747
5.924877
5.9868846
5.9372406
6.064581
6.0209084
6.021029
5.9671144
5.985174
6.0271816
6.0211515
6.158141
6.0478206
6.3192897
6.011752
6.2561374
6.1149325
6.220649
6.0870934
6.192755
6.1532435
6.0051637
6.0770903
6.2462826
6.0803924
6.0270567
5.9568224
6.0360804
5.936737
5.888141
6.0436378
6.066509
5.946848
5.9243727
6.027799
5.86714
5.8894053
6.013002
5.8876014
5.927056
5.771013
5.8951793
5.8722525
5.6895113
5.8010025
5.9114027
5.7885556
5.9132776
5.9412766
5.678015
5.8486795
5.9024725
5.742889
5.9075565
5.7755957
6.0804644
6.1752925
5.903929
5.8300424
5.637964
5.731029
5.785493
5.785423
5.7884707
5.815674
5.879801
5.8131666
5.822092
5.8384194
5.7770786
5.761808
5.970804
5.8753567
5.7272186
5.7593327
5.801363
5.992574
5.750308
6.0801945
6.073116
6.016601
6.049835
6.0818334
5.8350654
5.8529205
5.739002
5.9788613
5.837554
6.0723386
5.815354
5.945487
5.971336
5.910913
5.8534293
5.986333
5.899353
6.005131
5.9638734
5.6111126
6.146306
6.1552963
5.932377
6.0080194
6.141724
6.1593866
5.8376184
5.9292097
5.853427
6.125943
6.0310388
5.844111
6.016343
5.985101
5.970288
6.022564
5.745243
5.9724026
5.7725954
6.2819934
5.793927
5.781016
5.9032373
5.6134396
5.770904
5.745042
5.8978577
5.8988123
5.8968225
5.679465
5.6900144
5.782919
5.7269573
5.925065
5.746775
5.7441077
5.8433237
5.922726
5.97544
5.9906454
5.5727143
5.8367105
5.7772675
5.7056327
5.572521
5.748021
5.761269
5.604083
5.8373203
5.5153112
5.6457195
5.3820744
5.6079955
5.3107266
5.7109566
5.548109
5.486979
5.3975525
5.2960978
5.696291
5.2698536
5.5566373
5.4319315
5.4696126
5.332154
5.5456357
5.368326
5.6581903
5.334635
5.485513
5.340953
5.5336003
5.5738516
5.4384985
5.5663877
5.4008923
5.546179
5.440691
5.60009
5.4722414
5.4900494
5.4454994
5.5341663
5.6247277
5.3992357
5.8377857
5.4798703
5.317314
5.4113126
5.525558
5.099682
5.393976
5.447148
5.548395
5.522291
5.1564846
5.432824
5.339473
5.235115
5.3613625
5.125468
5.261732
5.2868934
5.3360624
5.104922
5.528926
5.328846
5.236349
5.20513
5.4424095
5.7215185
5.5972643
5.3150907
5.4063387
5.5196295
5.512864
5.445806
5.2879705
5.7130985
5.3412766
5.0271535
5.431013
5.370608
5.3680677
5.6032524
5.2730327
5.291556
5.241487
5.465715
5.3983793
5.259705
5.28016
5.3430376
5.6086082
5.2501707
5.26464
5.2177525
5.145002
5.270299
5.4685
5.1998057
5.2148614
4.9778414
5.105904
5.1378756
4.9996853
5.3051195
5.299464
5.3150086
5.3358135
5.0221825
5.334153
5.2594066
5.2155957
5.3455944
5.325922
5.297104
5.2130237
5.200392
5.329568
5.330721
5.218657
5.1432495
5.2191176
5.1992626
5.089338
4.993847
5.2251563
5.185691
5.328147
5.317708
5.1930294
5.243803
