10000
9.851137
9.834766
9.782599
9.812405
9.761914
9.796153
9.769943
9.749743
9.728018
9.62072
9.579968
9.557968
9.542389
9.457878
9.483251
9.416344
9.435957
9.337912
9.245485
9.212648
9.223405
9.252908
9.129717
9.022008
9.120184
9.0864525
9.110327
9.0161495
8.935708
8.921913
8.812973
8.815264
8.709947
8.710626
8.612613
8.611838
8.503705
8.385309
8.297818
8.352649
8.370876
8.2004795
8.099696
8.055511
8.045299
7.891272
7.7724805
7.8147793
7.615676
7.538988
7.275063
7.4940786
7.3265996
7.1528726
7.0724626
7.0072923
6.989936
6.8531337
6.9441466
6.9551315
7.0372324
7.0034447
6.9390793
6.7843485
6.945075
6.8482227
6.8268523
6.851306
6.8888526
6.957365
6.9360986
7.0075636
6.957744
6.948209
6.9973364
6.9781656
7.1082115
6.991316
7.0609126
6.7981353
7.050455
6.8970003
6.978985
6.8521533
7.004354
6.8453555
6.902952
7.026513
6.9575458
6.9584937
6.9730144
7.231437
7.405394
7.3997707
7.4907074
7.562598
7.5878134
7.8347588
7.949037
8.242759
8.159434
8.207591
8.182029
8.038648
8.08807
8.238558
8.300396
8.274792
8.231157
8.502648
8.402313
8.329925
8.299692
8.227012
8.177339
8.122087
8.115588
8.1922245
8.135281
8.112402
8.0527935
7.9743886
7.9109716
8.049882
7.981888
7.9754405
7.9833946
7.9042044
7.8552003
7.78082
7.7483807
7.6529627
7.595667
7.6487765
7.5629716
7.586228
7.50424
7.6164618
7.56009
7.563169
7.609314
7.5907784
7.550301
7.566706
7.5004196
7.580292
7.528427
7.5580277
7.609461
7.5432463
7.503538
7.6096573
7.49375
7.49506
7.416785
7.4121504
7.393703
7.4151974
7.2809095
7.3273287
7.372445
7.336855
7.2995834
7.3935304
7.32115
7.2612042
7.2610583
7.340756
7.3543015
7.3380084
7.3717337
7.398901
7.508573
7.538267
7.3181987
7.3887157
7.3032146
7.2736764
7.316769
7.265762
7.1667333
7.127184
7.114278
7.1241508
7.0333734
7.105095
7.1026506
7.0871663
7.121438
7.012429
7.185803
7.0506225
7.0187244
6.9175816
6.8718376
6.794256
6.7783675
6.673889
6.5295076
6.885119
6.598226
6.696674
6.555719
6.569548
6.558917
6.3650427
6.36687
6.412646
6.3875523
6.2515125
6.3362036
6.25565
6.5286694
6.4319797
6.5967426
6.223611
6.461956
6.6041636
6.6277046
6.694868
6.503494
6.658503
6.5326786
6.8279004
6.6969786
6.725003
6.4850445
6.794491
6.592379
6.7727346
6.7345138
6.692289
6.658492
6.6734343
6.7085576
6.6976852
6.627769
6.560336
6.6720605
6.705097
6.5682945
6.6425366
6.454467
6.7423725
6.634688
6.8504295
6.4775248
6.860688
6.7910137
6.7334175
6.7401924
6.366429
6.659014
6.549228
6.5555234
6.505156
6.6030803
6.5631
6.7550616
6.7437506
6.555622
6.5062633
6.6864023
6.6143723
6.7168493
6.63663
6.5950265
6.7601643
6.790248
6.6321087
6.7011895
6.6817975
6.6338825
6.569307
6.6790886
6.4680834
6.616705
6.8186235
6.6834383
6.58414
6.7322364
6.7244625
6.664758
6.6466265
6.5365286
6.634454
6.5120063
6.7011695
6.692739
6.608181
6.5613623
6.568243
6.4549727
6.4396577
6.636961
6.2819924
6.429124
6.507171
6.317816
6.4280076
6.2584987
6.343719
6.451196
6.15812
6.3111763
6.1801333
6.5182247
6.4248333
6.426107
6.380328
6.405952
6.5189886
6.4739823
6.3786926
6.5364685
6.5990505
6.6089573
6.2312565
6.67767
6.4755235
6.562091
6.454318
6.562215
6.3686323
6.61648
6.55165
6.536045
6.4560146
6.5062647
6.441706
6.546832
6.3598585
6.5755334
6.2868004
6.520904
6.3057857
6.5191393
6.528515
6.356473
6.4044404
6.428105
6.502173
6.4454875
6.3732553
6.28817
6.2879653
6.359145
6.379868
6.367891
6.312513
6.438939
6.3514977
6.3556366
6.2002525
6.4671655
6.458406
6.4940786
6.5378437
6.6110306
6.5196695
6.52455
6.5961432
6.5966673
6.674217
6.921746
6.8479156
6.8743234
6.814503
6.8872247
6.8603697
6.845896
6.8879533
6.911027
6.941843
7.126245
6.9443407
7.115904
6.9473104
7.0131726
6.8575535
6.905281
6.9326096
6.9549694
6.8364196
6.7979107
6.9139347
6.966111
6.850078
6.891142
6.802238
6.8075557
6.800099
6.7040167
6.6800704
6.588518
6.6320515
6.7631526
6.7644434
6.702672
6.675187
6.7787814
6.5863295
6.694194
6.6625776
6.6636314
6.4949813
6.5989566
6.6477737
6.529649
6.5589604
6.6558146
6.5733337
6.6678314
6.7061315
6.700575
6.7708817
6.736641
6.6336293
6.6829634
6.6513557
6.828012
6.587133
6.79098
6.6086416
6.6562243
6.658313
6.767268
6.6020794
6.645547
6.7299056
6.7892566
6.6395535
6.7972264
6.89511
6.8193603
6.7155356
6.6345506
6.7005525
7.011129
6.8884025
6.8154783
6.8720427
6.9658647
6.829153
6.8885717
6.9413204
7.011171
6.936378
7.134065
7.02403
6.900437
6.81114
6.8892727
6.907706
6.717273
6.7968245
6.928893
6.886945
6.88231
6.901615
6.853017
6.985055
6.774981
7.01495
6.8165946
6.842286
6.8968
6.7188826
6.937818
6.779311
6.658255
6.9053993
6.925022
6.7462673
6.8247747
6.8514986
6.842296
7.0558987
6.7643857
6.861896
6.81769
6.936263
6.71605
6.9345417
6.819237
6.955823
6.898038
6.9712033
6.967694
6.903756
7.059668
7.023032
6.948045
7.0922103
7.0309687
7.1724153
7.2883897
7.0069532
7.408155
7.302298
7.2692003
7.2283087
7.324692
7.18454
7.27919
7.1788197
7.396044
7.3781743
7.454357
7.415466
7.4337983
7.3434105
7.1625967
7.20664
7.114869
7.3481445
7.388715
7.4046226
7.2389197
7.1460986
7.205413
7.38326
7.123315
7.152998
7.1410503
7.103904
6.927342
6.9893465
6.9872065
6.9830728
7.0003257
7.0524387
6.9956837
7.156543
6.92014
6.9336076
6.92562
6.933297
7.047907
6.968267
6.9055834
6.927393
6.900238
6.9323516
6.9848275
6.9324627
6.9935155
7.0122466
6.915934
6.87715
6.7838993
6.9274898
7.02188
6.960077
6.8568196
6.84916
6.8739805
6.805909
7.0232105
6.976796
7.1620784
6.98554
7.0594335
7.1726813
7.117077
7.0843477
6.9840612
7.0516305
7.0818725
7.13322
7.2462
7.2531347
7.4447145
7.247702
7.385884
7.3881187
7.348054
7.3549848
7.3069606
7.295226
7.4084196
7.4072185
7.32407
7.134915
7.1402802
7.348753
7.326952
7.3860836
7.301414
7.352852
7.1397324
7.2567964
7.180417
7.384012
7.327613
7.320225
7.2698503
6.9508324
6.823451
7.064784
7.07481
7.0156984
6.9751663
6.999586
6.7916307
6.7020082
6.8624544
6.8348713
6.796733
6.8540964
6.777721
6.7045083
6.879064
6.880415
6.8754573
6.8202252
6.922157
6.867433
7.0032434
6.7499814
6.8869286
6.9590297
6.842789
6.899884
6.9315467
7.052388
6.875187
6.86619
6.810233
6.9693336
6.959054
7.0938783
6.8518467
7.052308
6.92883
6.8853545
7.1637826
7.0542946
7.0223475
7.0357895
7.285042
7.214948
7.3472357
7.0678525
7.321266
7.0774026
7.2450314
7.396983
7.3416286
7.5042806
7.4108496
7.3179936
7.410919
7.5764875
7.299331
7.4687552
7.461245
7.430969
7.2848434
7.4454074
7.517765
7.3309574
7.321741
7.371325
7.2399135
7.2431912
7.3046875
7.40035
7.382713
7.3304067
7.229532
7.231661
7.08255
7.166547
7.144628
7.038232
6.853929
6.86531
6.9836235
6.915767
6.892351
6.8772607
6.8882637
6.897458
6.9143004
6.869504
6.8018456
6.6990128
6.8974304
6.687386
6.816019
6.8357716
6.9671516
6.8479013
6.831818
6.9609303
6.790308
6.8586974
7.007166
6.839414
6.9313493
6.960084
7.0076756
6.854332
6.910554
6.945681
7.021123
6.9804773
6.8580484
6.986864
6.8923965
7.085464
7.085621
7.0001173
7.2122583
6.9292383
7.1801505
6.99615
7.229884
7.191236
7.1744103
7.049996
7.0670495
7.0812387
7.101828
7.405813
7.3401427
7.3389125
7.335066
7.352516
7.3698997
7.4313784
7.168217
7.216304
7.284224
7.242711
7.2976785
7.2234974
7.2528563
7.1331797
7.3755927
7.044983
7.1768804
7.1144896
7.1324134
7.196103
7.2424445
7.1254306
7.025283
7.05789
7.209339
6.9709334
7.018936
7.0476594
6.957134
7.0678835
7.0342693
6.897909
6.89004
6.854302
6.8382363
6.734707
6.906773
6.786427
6.9848957
6.7337027
6.917363
6.8604856
6.877797
6.8685894
7.1750836
7.200717
7.160557
7.059591
6.8478794
6.562827
6.460951
6.6084805
6.605036
6.191396
6.0069246
5.680371
5.3307385
5.4387054
3.1417174
2.9425704
3.775368
3.1781974
3.6507924
3.310955
3.8531609
3.4986982
2.8590686
2.8886397
3.1655314
2.6451836
3.2085004
2.6683846
3.0485141
2.981127
3.2869349
3.7441082
3.4344363
2.243865
2.6409767
2.723292
3.0080085
2.9207306
2.5513313
2.6523123
2.9575164
2.92192
2.8142397
3.781797
2.9802113
2.9698002
3.1006722
3.1715167
2.9529974
2.9781296
2.8719964
2.833611
2.9567726
3.5086906
2.8313901
2.9941866
2.4902172
6.582529
6.677292
6.748854
6.855192
6.9575152
7.017463
7.0755677
6.9287786
6.9476733
7.038483
6.9253187
6.943076
7.02517
7.1084514
7.2389207
7.0879235
6.986956
7.187439
7.0735383
7.1622186
7.1999073
7.1437783
7.055574
7.1430182
7.1743464
6.8455653
7.081851
6.990157
6.995141
7.131522
7.0825796
6.957348
7.2454205
7.3518505
7.2218933
7.392002
7.3549037
7.3736763
7.270898
7.154718
7.37987
7.561301
7.4612074
7.498904
7.590028
7.6095195
7.5738325
7.5038414
7.615346
7.544976
7.4399996
7.5571184
7.5061207
7.5911837
7.530478
7.540889
7.518741
7.5694337
7.63245
7.5254245
7.4083896
7.5375705
7.4507904
7.510449
7.41951
7.3691087
7.4090824
7.386399
7.208744
7.2787585
7.3991556
7.4215517
7.391039
7.2923865
7.0747113
7.3656178
7.4005375
7.378499
7.5586023
7.378545
7.449943
7.297384
7.3736067
7.4945517
7.548878
7.3652854
7.6337843
7.4063916
7.5388546
7.441867
7.555658
7.5697794
7.4551167
7.477633
7.553157
7.468969
7.4670753
7.5667224
7.492864
7.648321
7.5767317
7.649084
7.648044
7.76361
7.739576
7.745746
7.8378925
7.8117933
7.6938286
7.7801385
7.669666
7.6800475
7.631077
7.628255
7.374842
7.338631
7.492322
7.6764636
7.356463
7.449478
7.3212805
7.3945284
7.411416
7.5193715
7.2126756
7.3969083
7.246696
7.309514
7.1679916
7.371166
7.2910705
7.077002
7.4626937
7.2141805
7.507725
7.2656784
7.376099
7.3469176
7.4384065
7.4298954
7.242287
7.386505
7.2245145
7.2813783
7.3682995
7.3513136
7.4176197
7.4328756
7.537319
7.4746623
7.5040407
7.4667344
7.607902
7.5869217
7.5155993
7.499618
7.6648664
7.7100444
7.8679843
7.730618
7.783965
7.744403
7.83164
7.795916
7.6926427
7.8974504
7.7535553
7.6742654
7.604779
7.5533338
7.3700323
7.6122537
7.666053
7.581741
7.6890693
7.541232
7.6244516
7.479802
7.4284368
7.5755997
7.2471104
7.3723416
7.3527765
7.36826
7.3767657
7.464113
7.439648
7.4436955
7.4458256
7.4600763
7.740263
7.308929
7.446232
7.400074
7.56478
7.618967
7.5687733
7.5538015
7.666405
7.7131443
7.8876185
7.7994223
7.9205356
7.6603937
7.673776
7.749002
7.74403
7.928708
7.826488
7.902365
7.7610745
7.794653
7.79264
7.703146
7.747018
7.6634927
7.6422625
7.61213
7.521139
7.7772675
7.6560516
7.6610136
7.613925
7.5896916
7.618557
7.5511923
7.4475927
7.509062
7.548476
7.343149
7.500449
7.4444966
7.2621036
7.552765
7.5179043
7.4644084
7.4244576
7.246936
7.297754
7.5091147
7.4882064
7.3163795
7.5031686
7.701413
7.662641
7.778547
7.7345557
7.5890927
7.7943687
7.868206
7.7027497
7.916718
7.8531194
7.957273
7.8673086
7.9149227
7.7464476
7.6784477
7.7731085
7.7535563
7.475156
7.6642265
7.558755
7.7042475
7.5800977
7.419755
7.523168
7.4390693
7.431796
7.328378
7.576159
7.6087866
7.3988605
7.5442863
7.562495
7.389225
7.432069
7.3714914
7.6347394
7.4300117
7.3122916
7.289522
7.2916207
7.593924
7.4067554
7.574651
7.6756744
7.6682787
7.614396
7.6849484
7.7798133
7.938551
7.892168
8.0100355
7.923335
7.8882036
7.882379
7.823247
7.874656
7.9965982
7.84153
7.9181294
7.710181
7.754069
7.6574297
7.6919537
7.56305
7.4206223
7.4000387
7.357212
7.44662
7.410382
7.3195047
7.256738
7.329247
7.34941
7.249719
7.3641434
7.333135
7.5511065
7.1827846
7.427801
7.419934
7.3320026
7.258547
7.5417814
7.4978905
7.607827
7.6430006
7.527109
7.7245092
7.689892
7.726298
7.50722
7.688137
7.7133493
7.7748103
7.629832
7.622143
7.545991
7.6581745
7.4250827
7.578658
7.4647093
7.407736
7.4457393
7.0995655
7.234136
7.1483884
7.1964855
7.0655804
7.3621235
7.2871704
7.299968
7.0384774
7.08943
7.102315
6.9897823
7.2541213
7.1689005
7.399576
7.193149
7.363233
7.4493566
7.416931
7.6472936
7.544712
7.537638
7.4836817
7.249774
7.5999293
7.462554
7.730788
7.544788
7.7135196
7.7659163
7.4954424
7.67548
7.548603
7.6861606
7.582282
7.623739
7.3210793
7.1849
7.3163195
7.221018
7.1111817
7.4657826
7.2264776
6.9171343
7.052601
7.040716
6.66358
6.985362
6.9257994
6.764354
7.068928
7.1390686
6.971883
7.2820997
7.002002
7.2510257
7.186096
7.172711
7.1886473
7.3005147
7.1334143
7.24832
7.4348154
7.3040733
7.50826
7.4800057
7.366173
7.468216
7.6562366
7.124767
7.316588
7.487862
7.4254317
7.2688513
7.192894
7.1549673
7.2313766
6.996469
7.0921907
7.24695
6.962309
7.061432
6.984239
6.7244883
7.2092667
7.027252
7.0389276
6.8512325
6.8079467
7.006213
6.8731246
6.777023
7.15342
7.08743
7.1462326
7.050997
6.6746016
6.9321413
6.947605
7.0520406
7.2202044
7.553755
7.7038383
7.2925854
7.453449
7.6168423
7.572307
7.2609034
7.2093906
7.143529
7.3956866
7.178896
7.1936727
7.1522045
7.251483
7.148588
7.2696652
7.050796
7.1041727
6.9872656
7.167734
6.872795
6.7122517
6.822604
6.8740582
6.877573
6.8166747
6.7520027
6.834302
6.7564316
6.753346
6.79066
6.721342
6.787754
6.9366355
6.9464417
6.902812
7.0524364
7.1889095
7.121576
6.9365625
7.252628
7.2086563
7.12665
7.042688
7.034885
7.2109294
6.8362436
6.7312355
6.7515907
6.876582
6.7584867
6.7684627
7.0693874
6.640091
6.646409
6.413187
6.5469217
6.5584116
6.3450294
6.534458
6.4036465
6.543045
6.531161
6.3870196
6.540964
6.577421
6.6027355
6.6701803
6.7548523
6.66376
6.8919272
6.8088784
6.810166
6.9175797
6.96783
7.066285
6.611732
6.793666
6.838364
6.530608
6.522603
6.563962
6.806963
6.6024475
6.43352
6.766572
6.8133526
6.3611407
6.5051613
6.6401324
6.3029594
6.1604576
6.292723
6.3147078
6.335396
6.0501866
6.237771
6.266608
6.16655
6.181296
6.092538
6.5270667
6.1826077
6.0684566
6.3065763
6.101328
6.1875134
6.1451917
6.201231
6.376226
6.269996
6.3096533
6.335358
6.389983
6.3110375
6.358105
6.511856
6.492078
6.1369305
6.238589
6.2487817
6.1633244
6.2797985
6.2103744
6.333591
6.377892
6.258637
6.377404
6.2367554
6.1976275
6.2949886
6.2648144
6.1613336
5.9863253
6.1388927
6.1008883
5.8286896
5.914493
5.9414253
6.011114
5.92009
5.931821
5.879408
5.753077
5.786661
5.735342
5.7855263
6.064709
5.8253756
5.7662573
5.87482
5.9609737
5.867575
6.1023583
6.316298
6.0960093
6.0492425
6.392146
6.0381355
6.1722746
6.101155
6.172843
6.0564876
5.962721
6.257814
6.1877303
6.237385
6.3475533
6.530134
6.314211
6.043598
6.3343034
6.1044827
6.423481
6.4243355
6.444794
6.4094987
6.4077992
6.47321
6.4590836
6.3752465
6.3826838
6.267725
6.375537
6.3824625
6.375902
6.582621
6.4578543
6.3234606
6.276127
6.4479575
6.421938
6.2752876
6.5364766
6.5455613
6.2966847
6.4779053
6.192635
6.519546
6.3459606
6.3008156
6.2546296
6.034801
6.0620666
6.097529
6.2484946
6.5949974
6.40088
6.4085364
6.4889627
6.563324
6.4415765
6.4504876
6.5064316
6.5917025
6.4908032
6.387816
6.3128457
6.562905
6.390388
6.2825465
6.3306766
6.2680063
6.666082
6.7074003
6.490712
6.792225
6.800852
6.500977
6.531264
6.51451
6.618165
6.35644
6.6160407
6.6435714
6.759101
6.7334704
6.734909
6.7607684
6.5591235
6.6176662
6.7668386
6.721497
6.536489
6.3664055
6.603024
6.391061
6.4308047
6.3002687
6.449914
6.486662
6.5380206
6.386002
6.6152277
6.4379787
6.5608263
6.6211653
6.501527
6.578601
6.397665
6.746358
6.515934
6.562585
6.864037
6.8932676
6.6967974
6.8310833
6.651196
6.743762
6.932543
6.801548
6.769411
6.9394407
6.7948794
6.8917546
6.692841
6.813706
6.6933675
6.811761
6.9218016
6.632393
6.8171487
6.614413
6.71776
6.697234
6.590649
6.513661
6.528599
6.526594
6.886077
6.8207645
7.093633
6.878103
7.0474553
6.6364484
6.798914
6.799849
6.761974
6.8263173
6.9418025
6.896563
6.761176
6.712907
6.8732686
6.6205587
6.3564706
6.3865056
6.449879
6.69861
6.571332
6.5769734
6.6351104
6.6530585
6.4851675
6.5886574
6.3877516
6.3193345
6.139489
6.1335893
5.9749603
5.96092
5.9273596
5.7966294
6.1531367
6.082081
5.9943542
6.029196
6.0352635
6.167017
6.075654
5.8831944
5.97396
6.006939
5.927994
6.0535254
5.829316
6.121586
6.10677
5.812904
5.9605207
6.004684
6.069023
6.0211515
6.1407466
6.0478206
6.3192897
6.011752
6.2561374
6.1149325
6.0537024
6.0599
6.218313
6.0806355
6.054394
6.117468
6.1879
6.1923733
6.107234
6.1402383
6.021067
5.8899727
5.9353657
6.0646944
6.0091186
5.930239
5.970768
5.8709793
5.8713136
5.889863
5.850977
5.8118625
5.9413147
5.725877
5.909369
5.857341
5.734197
5.8010025
5.877722
5.7886505
5.778254
5.9412766
5.678015
5.8486795
5.9024725
5.742889
5.9075565
5.7755957
5.9683647
6.000901
5.929818
5.6929893
5.6855536
5.731029
5.844623
5.909971
5.745159
5.817686
5.888447
5.974254
5.999166
5.7627788
5.7770786
5.794762
5.929979
5.9680386
5.6605415
5.7593327
5.8602843
5.992574
5.750308
6.0577607
6.0580072
5.9587994
6.1168203
6.0818334
5.921712
6.1004815
5.885845
5.955504
5.795144
6.2134676
5.9850183
5.887231
5.971336
6.1541386
5.8534293
5.986333
6.0887065
6.005131
5.8015127
5.670564
6.111701
6.1552963
5.9862266
6.0080194
6.141724
6.1593866
5.984148
5.903679
5.853427
5.93785
6.0391
5.9663734
6.16501
6.084562
5.970288
6.022564
5.745243
5.9724026
5.7725954
6.2819934
5.86736
5.6816187
5.9032373
5.6134396
5.770904
5.745042
5.8978577
5.8988123
5.8203926
5.76746
5.6894503
5.91331
5.827446
5.925065
5.746775
5.796339
5.9261155
6.0380607
5.9596643
5.8834486
5.8874254
5.8555856
5.844537
5.6493325
5.470526
5.8560934
5.7994165
5.705649
5.627543
5.492793
5.595413
5.3174696
5.448099
5.2797613
5.565879
5.5407743
5.3625565
5.44662
5.2383704
5.682334
5.2875857
5.4725876
5.5018663
5.386526
5.3947573
5.584557
5.4176188
5.5132537
5.167461
5.6731253
5.3600698
5.444539
5.5143104
5.391027
5.5681553
5.466748
5.6013594
5.4379334
5.761355
5.627343
5.584793
5.5436044
5.776848
5.4153996
5.3861113
5.6772223
5.572327
5.2809777
5.5217485
5.464882
5.2387094
5.2972813
5.5006332
5.4150004
5.3628025
5.245064
5.3779635
5.4063587
5.574783
5.5049734
5.113594
5.4525747
5.4849353
5.3538055
5.510071
5.592045
5.541638
5.4401107
5.1928444
5.8868084
5.6629744
5.5531445
5.7618
5.269393
5.6963634
5.5956087
5.5158925
5.6620035
5.4572916
5.6345706
5.252567
5.2742786
5.617794
5.3791428
5.6291466
5.183034
5.120601
5.584215
5.494633
5.474638
5.432559
5.1798296
5.505068
5.438825
5.420294
5.2970753
5.1877084
5.303609
5.4049697
5.4518147
5.3777018
5.2182736
5.2311397
5.1390295
5.186116
5.241481
5.291176
5.2542987
5.332267
5.3721194
5.313124
5.2592735
5.189797
5.1743026
5.3154073
5.3966846
5.2856984
5.338644
5.172526
5.100998
5.306203
5.379698
5.2334003
5.21089
5.0720525
5.263208
5.111873
5.2090664
5.0909567
5.0564833
5.3477907
5.2212925
5.231697
