10000
9.851137
9.834766
9.782599
9.812405
9.761914
9.796153
9.769943
9.749743
9.728018
9.62072
9.579968
9.557968
9.542389
9.457878
9.483251
9.416344
9.435957
9.337912
9.245485
9.212648
9.223405
9.252908
9.129717
9.022008
9.120184
9.0864525
9.110327
9.0161495
8.935708
8.921913
8.812973
8.815264
8.709947
8.710626
8.612613
8.611838
8.503705
8.385309
8.297818
8.352649
8.370876
8.2004795
8.099696
8.055511
8.045299
7.891272
7.7724805
7.8147793
7.615676
7.538988
7.275063
7.4940786
7.3265996
7.1528726
7.0724626
7.0072923
6.989936
6.8531337
6.9441466
6.9551315
7.0372324
7.0034447
6.9390793
6.7843485
6.945075
6.8482227
6.8268523
6.851306
6.8888526
6.957365
6.9360986
7.0075636
6.957744
6.948209
6.9973364
6.9781656
7.1082115
6.991316
7.0609126
6.7981353
7.050455
6.8970003
6.978985
6.8521533
7.004354
6.8453555
6.902952
7.026513
6.9575458
6.9584937
6.9730144
7.231437
7.405394
7.3997707
7.4907074
7.562598
7.5878134
7.8347588
7.949037
8.242759
8.159434
8.207591
8.182029
8.038648
8.08807
8.238558
8.300396
8.274792
8.231157
8.502648
8.402313
8.329925
8.299692
8.227012
8.177339
8.122087
8.115588
8.1922245
8.135281
8.112402
8.0527935
7.9743886
7.9109716
8.049882
7.981888
7.9754405
7.9833946
7.9042044
7.8552003
7.78082
7.7483807
7.6529627
7.595667
7.6487765
7.5629716
7.586228
7.50424
7.6164618
7.56009
7.563169
7.609314
7.5907784
7.550301
7.566706
7.5004196
7.580292
7.528427
7.5580277
7.609461
7.5432463
7.503538
7.6096573
7.49375
7.49506
7.416785
7.4121504
7.393703
7.4151974
7.2809095
7.3273287
7.372445
7.336855
7.2995834
7.3935304
7.32115
7.2612042
7.2610583
7.340756
7.3543015
7.3380084
7.3717337
7.398901
7.508573
7.538267
7.3181987
7.3887157
7.3032146
7.2736764
7.316769
7.265762
7.1667333
7.127184
7.114278
7.1241508
7.0333734
7.105095
7.1026506
7.0871663
7.121438
7.012429
7.185803
7.0506225
7.0187244
6.9175816
6.8718376
6.794256
6.7783675
6.673889
6.5295076
6.885119
6.598226
6.696674
6.555719
6.569548
6.558917
6.3650427
6.36687
6.412646
6.3875523
6.2515125
6.3362036
6.25565
6.5286694
6.4319797
6.5967426
6.223611
6.461956
6.6041636
6.6277046
6.694868
6.503494
6.658503
6.5326786
6.8279004
6.6969786
6.725003
6.4850445
6.794491
6.592379
6.7727346
6.7345138
6.692289
6.658492
6.6734343
6.7085576
6.6976852
6.627769
6.560336
6.6720605
6.705097
6.5682945
6.6425366
6.454467
6.7423725
6.634688
6.8504295
6.4775248
6.860688
6.7910137
6.7334175
6.7401924
6.366429
6.659014
6.549228
6.5555234
6.505156
6.6030803
6.5631
6.7550616
6.7437506
6.555622
6.5062633
6.6864023
6.6143723
6.7168493
6.63663
6.5950265
6.7601643
6.790248
6.6321087
6.7011895
6.6817975
6.6338825
6.569307
6.6790886
6.4680834
6.616705
6.8186235
6.6834383
6.58414
6.7322364
6.7244625
6.664758
6.6466265
6.5365286
6.634454
6.5120063
6.7011695
6.692739
6.608181
6.5613623
6.568243
6.4549727
6.4396577
6.636961
6.2819924
6.429124
6.507171
6.317816
6.4280076
6.2584987
6.343719
6.451196
6.15812
6.3111763
6.1801333
6.5182247
6.4248333
6.426107
6.380328
6.405952
6.5189886
6.4739823
6.3786926
6.5364685
6.5990505
6.6089573
6.2312565
6.67767
6.4755235
6.562091
6.454318
6.562215
6.3686323
6.61648
6.55165
6.536045
6.4560146
6.5062647
6.441706
6.546832
6.3598585
6.5755334
6.2868004
6.520904
6.3057857
6.5191393
6.528515
6.356473
6.4044404
6.428105
6.502173
6.4454875
6.3732553
6.28817
6.2879653
6.359145
6.379868
6.367891
6.312513
6.438939
6.3514977
6.3556366
6.2002525
6.4671655
6.458406
6.4940786
6.5378437
6.6110306
6.5196695
6.52455
6.5961432
6.5966673
6.674217
6.921746
6.8479156
6.8743234
6.814503
6.8872247
6.8603697
6.845896
6.8879533
6.911027
6.941843
7.126245
6.9443407
7.115904
6.9473104
7.0131726
6.8575535
6.905281
6.9326096
6.9549694
6.8364196
6.7979107
6.9139347
6.966111
6.850078
6.891142
6.802238
6.8075557
6.800099
6.7040167
6.6800704
6.588518
6.6320515
6.7631526
6.7644434
6.702672
6.675187
6.7787814
6.5863295
6.694194
6.6625776
6.6636314
6.4949813
6.5989566
6.6477737
6.529649
6.5589604
6.6558146
6.5733337
6.6678314
6.7061315
6.700575
6.7708817
6.736641
6.6336293
6.6829634
6.6513557
6.828012
6.587133
6.79098
6.6086416
6.6562243
6.658313
6.767268
6.6020794
6.645547
6.7299056
6.7892566
6.6395535
6.7972264
6.89511
6.8193603
6.7155356
6.6345506
6.7005525
7.011129
6.8884025
6.8154783
6.8720427
6.9658647
6.829153
6.8885717
6.9413204
7.011171
6.936378
7.134065
7.02403
6.900437
6.81114
6.8892727
6.907706
6.717273
6.7968245
6.928893
6.886945
6.88231
6.901615
6.853017
6.985055
6.774981
7.01495
6.8165946
6.842286
6.8968
6.7188826
6.937818
6.779311
6.658255
6.9053993
6.925022
6.7462673
6.8247747
6.8514986
6.842296
7.0558987
6.7643857
6.861896
6.81769
6.936263
6.71605
6.9345417
6.819237
6.955823
6.898038
6.9712033
6.967694
6.903756
7.059668
7.023032
6.948045
7.0922103
7.0309687
7.1724153
7.2883897
7.0069532
7.408155
7.302298
7.2692003
7.2283087
7.324692
7.18454
7.27919
7.1788197
7.396044
7.3781743
7.454357
7.415466
7.4337983
7.3434105
7.1625967
7.20664
7.114869
7.3481445
7.388715
7.4046226
7.2389197
7.1460986
7.205413
7.38326
7.123315
7.152998
7.1410503
7.103904
6.927342
6.9893465
6.9872065
6.9830728
7.0003257
7.0524387
6.9956837
7.156543
6.92014
6.9336076
6.92562
6.933297
7.047907
6.968267
6.9055834
6.927393
6.900238
6.9323516
6.9848275
6.9324627
6.9935155
7.0122466
6.915934
6.87715
6.7838993
6.9274898
7.02188
6.960077
6.8568196
6.84916
6.8739805
6.805909
7.0232105
6.976796
7.1620784
6.98554
7.0594335
7.1726813
7.117077
7.0843477
6.9840612
7.0516305
7.0818725
7.13322
7.2462
7.2531347
7.4447145
7.247702
7.385884
7.3881187
7.348054
7.3549848
7.3069606
7.295226
7.4084196
7.4072185
7.32407
7.134915
7.1402802
7.348753
7.326952
7.3860836
7.301414
7.352852
7.1397324
7.2567964
7.180417
7.384012
7.327613
7.320225
7.2698503
6.9508324
6.823451
7.064784
7.07481
7.0156984
6.9751663
6.999586
6.7916307
6.7020082
6.8624544
6.8348713
6.796733
6.8540964
6.777721
6.7045083
6.879064
6.880415
6.8754573
6.8202252
6.922157
6.867433
7.0032434
6.7499814
6.8869286
6.9590297
6.842789
6.899884
6.9315467
7.052388
6.875187
6.86619
6.810233
6.9693336
6.959054
7.0938783
6.8518467
7.052308
6.92883
6.8853545
7.1637826
7.0542946
7.0223475
7.0357895
7.285042
7.214948
7.3472357
7.0678525
7.321266
7.0774026
7.2450314
7.396983
7.3416286
7.5042806
7.4108496
7.3179936
7.410919
7.5764875
7.299331
7.4687552
7.461245
7.430969
7.2848434
7.4454074
7.517765
7.3309574
7.321741
7.371325
7.2399135
7.2431912
7.3046875
7.40035
7.382713
7.3304067
7.229532
7.231661
7.08255
7.166547
7.144628
7.038232
6.853929
6.86531
6.9836235
6.915767
6.892351
6.8772607
6.8882637
6.897458
6.9143004
6.869504
6.8018456
6.6990128
6.8974304
6.687386
6.816019
6.8357716
6.9671516
6.8479013
6.831818
6.9609303
6.790308
6.8586974
7.007166
6.839414
6.9313493
6.960084
7.0076756
6.854332
6.910554
6.945681
7.021123
6.9804773
6.8580484
6.986864
6.8923965
7.085464
7.085621
7.0001173
7.2122583
6.9292383
7.1801505
6.99615
7.229884
7.191236
7.1744103
7.049996
7.0670495
7.0812387
7.101828
7.405813
7.3401427
7.3389125
7.335066
7.352516
7.3698997
7.4313784
7.168217
7.216304
7.284224
7.242711
7.2976785
7.2234974
7.2528563
7.1331797
7.3755927
7.044983
7.1768804
7.1144896
7.1324134
7.196103
7.2424445
7.1254306
7.025283
7.05789
7.209339
6.9709334
7.018936
7.0476594
6.957134
7.0678835
7.0342693
6.897909
6.89004
6.854302
6.8382363
6.734707
6.906773
6.786427
6.9848957
6.7337027
6.917363
6.8604856
6.877797
6.8685894
7.1750836
7.200717
7.160557
7.059591
6.8478794
6.562827
6.460951
6.6084805
6.605036
6.191396
6.0069246
5.680371
5.3307385
5.4387054
2.725597
3.4315581
2.3470495
3.651977
2.7308037
2.8402326
2.636744
3.0189004
2.325125
2.8056557
2.4528997
2.3335202
1.983247
2.3128648
3.1430342
1.597706
2.6165748
3.4526544
2.3699312
2.7142885
2.7859652
3.2310982
2.9354343
3.429394
3.6723506
2.8761039
2.0256622
2.4813566
2.8734736
2.42641
2.1991968
2.9405684
3.0644183
2.6779299
2.996871
2.671567
2.6893353
3.076523
3.2695959
2.4317923
3.4509935
2.406613
2.2966728
3.0301592
2.5875802
2.9080577
2.1829853
3.3533075
3.0031276
2.260297
2.1157877
2.6809335
2.567162
3.730947
3.074267
4.928398
5.0999637
7.122327
7.1780896
7.099641
7.0996714
7.1765842
7.1260724
7.1184125
7.095549
7.0512667
6.977258
7.1743464
6.9285507
7.1145678
6.990157
6.995141
7.131522
7.0825796
6.8801613
7.3781385
7.2789197
7.315785
7.3181143
7.2144737
7.4529104
7.3145566
7.3158135
7.5467706
7.2423177
7.5700493
7.232166
7.5781827
7.643083
7.6799564
7.644885
7.637711
7.616334
7.624178
7.619242
7.521592
7.614782
7.6046495
7.571713
7.5820003
7.6446743
7.594183
7.3962164
7.3147
7.6375513
7.436479
7.369899
7.51008
7.2915053
7.440639
7.289213
7.195439
7.2755194
7.2848663
7.247969
7.362454
7.159127
7.275889
7.3016224
7.3268647
7.4067597
7.3408384
7.378545
7.334514
7.4533334
7.199645
7.682127
7.391016
7.5461936
7.459078
7.5792255
7.40651
7.6120224
7.4176755
7.5697794
7.5241528
7.477633
7.553157
7.468969
7.4437814
7.449906
7.485037
7.648321
7.5767317
7.5507364
7.7176385
7.76361
7.739576
7.621965
7.8378925
7.8117933
7.6938286
7.8452215
7.669666
7.6791472
7.631077
7.628255
7.374842
7.338631
7.492322
7.5294704
7.523532
7.3878803
7.3212805
7.4150925
7.411416
7.5193715
7.2126756
7.3969083
7.246696
7.201525
7.2159634
7.497588
7.3196554
7.077002
7.4626937
7.2141805
7.3852677
7.4740744
7.2683606
7.450119
7.382892
7.283791
7.242287
7.449823
7.2245145
7.2813783
7.344919
7.3237205
7.2686996
7.4328756
7.5434856
7.3383837
7.51911
7.467513
7.657991
7.5163493
7.4490366
7.470108
7.658777
7.7100444
7.8679843
7.730618
7.783965
7.729049
7.780909
7.830229
7.7209287
7.847069
7.7535553
7.6742654
7.604779
7.511938
7.3834925
7.6122537
7.666053
7.581741
7.726053
7.5143123
7.591976
7.5922356
7.4228673
7.4769506
7.2471104
7.374688
7.3274155
7.3447285
7.2377152
7.464113
7.439648
7.4436955
7.434594
7.511524
7.665191
7.3787823
7.3648405
7.5261216
7.4780693
7.6192226
7.5481215
7.6184893
7.666405
7.7131443
7.8876185
7.7994223
7.819808
7.7581916
7.6739216
7.749002
7.828937
7.907407
7.774921
7.9201975
7.802018
7.794653
7.79264
7.703146
7.747018
7.6634927
7.6422625
7.67525
7.6694164
7.690178
7.6560516
7.6610136
7.6269064
7.524755
7.618557
7.606731
7.371584
7.3877807
7.548476
7.343149
7.500449
7.426893
7.249773
7.4495535
7.4016113
7.3625293
7.3354316
7.3172183
7.297754
7.5091147
7.5440927
7.335232
7.5031686
7.701413
7.662641
7.778547
7.6679077
7.7372284
7.7505255
7.923701
7.6903114
7.8667536
7.7822657
7.9587173
7.9011993
7.904128
7.7772913
7.675693
7.6656733
7.926778
7.5383983
7.778632
7.7700033
7.652995
7.6560936
7.537736
7.5209813
7.5094633
7.4885535
7.5374546
7.576159
7.5427976
7.410213
7.3955564
7.3869867
7.3799496
7.432069
7.3714914
7.4241858
7.4300117
7.286023
7.5190053
7.2916207
7.357697
7.551873
7.3583975
7.727237
7.6682787
7.614396
7.6849484
7.7798133
7.938551
7.892168
8.0100355
7.923335
7.8882036
7.882379
7.823247
7.874656
7.9965982
7.9584546
7.9473267
7.786669
7.754069
7.819426
7.6919537
7.7108064
7.605156
7.4000387
7.357212
7.44662
7.498634
7.3195148
7.256738
7.329247
7.34941
7.249719
7.3641434
7.333135
7.5511065
7.1827846
7.427801
7.419934
7.3320026
7.258547
7.563071
7.4858675
7.6369696
7.6337166
7.6808276
7.552248
7.689892
7.642995
7.541869
7.845666
7.6644936
7.5844727
7.5774484
7.5881824
7.599044
7.6925383
7.568964
7.699593
7.551512
7.4274063
7.2011323
7.2330337
7.1000943
7.0607944
6.8917837
7.0928116
7.1103363
7.0944777
7.0249944
6.79986
7.0086374
7.1044555
6.995738
7.0746703
7.1020823
7.399576
7.44373
7.397459
7.3638897
7.4668827
7.5322995
7.5539665
7.32695
7.5670643
7.249774
7.5999293
7.462554
7.730788
7.544788
7.7135196
7.7659163
7.5696025
7.601603
7.7065525
7.6861606
7.582282
7.5008307
7.389556
7.1849
7.3163195
7.1075644
7.0077925
7.1881127
7.0002513
6.9171343
7.052601
7.040716
6.66358
6.9848576
7.0930686
6.814689
6.99065
7.037919
7.1921425
7.011896
7.002002
7.218122
7.227043
7.172711
7.133269
7.3005147
7.1334143
7.2119217
7.6098804
7.302989
7.6697183
7.6018295
7.614931
7.6202135
7.584042
7.1220717
7.3546777
7.299114
7.1322975
7.436651
7.416847
7.058477
7.176285
7.115157
7.206233
7.078669
7.033358
7.274663
7.217807
6.9146066
6.7925115
7.0981216
7.0389276
6.8512325
6.7394867
6.9869146
6.795047
6.8251104
7.0579576
7.182421
7.126227
7.3215957
6.6746016
6.9321413
6.947605
7.0520406
7.0037007
7.231845
7.342507
7.2925854
7.4447007
7.5667553
7.258125
7.5669427
7.080408
7.143529
7.3488927
7.3778253
7.243413
7.1305633
7.1805916
7.2995434
7.17209
7.1791935
7.1195984
7.173615
6.807287
6.872795
6.6237674
6.706931
6.6251345
6.79354
6.8114524
6.769076
6.6316853
6.7285366
6.7848077
6.794316
6.5654488
6.787754
6.9366355
6.9464417
6.902812
7.0524364
7.1889095
7.121576
6.9223638
7.1239495
7.0232253
7.037662
7.0948358
7.283617
7.020564
6.760921
6.74654
6.7515907
6.876582
6.779897
6.7870674
6.9303102
6.606245
6.651882
6.439602
6.6425457
6.7261086
6.3342466
6.3790026
6.525065
6.561103
6.5222836
6.3688
6.4552293
6.6499887
6.458518
6.68475
6.7615204
6.7091937
6.749809
6.985332
6.7122564
6.7875085
6.9550977
6.9377437
6.8180485
6.697323
6.83961
6.4199195
6.4901047
6.3001537
6.659129
6.4246826
6.6172256
6.660657
6.735146
6.4111447
6.411922
6.5707073
6.1720896
6.2695365
6.33755
6.1241136
6.145288
6.129756
6.0642014
6.2306967
6.1198635
6.1572967
6.075233
6.486809
6.122384
6.021372
6.286539
6.0378547
6.212926
6.110858
6.367088
6.2891145
6.33026
6.277898
6.2779007
6.5409026
6.233384
6.3439097
6.302626
6.438153
6.1569967
6.431297
6.3469033
6.097752
6.2039948
6.261058
6.3159323
6.2899656
6.2924466
6.2257195
6.100792
6.274246
6.1441994
6.1454477
6.242099
6.007066
6.0903254
6.031153
5.866391
5.8186707
6.1876154
5.7458076
5.720697
5.911302
5.835744
5.8177156
5.9331803
5.8992214
5.7472057
6.113729
5.784518
5.7302566
6.0474777
5.830224
5.8018236
6.105588
6.2734365
6.0623755
6.054981
6.231027
6.128394
6.1259227
6.20071
6.185655
6.044844
6.0021396
6.1328707
6.304327
6.2386107
6.345032
6.5322666
6.2920337
6.1783285
6.275036
6.2865424
6.45346
6.438205
6.485073
6.4671006
6.495742
6.501534
6.470663
6.3674927
6.5834107
6.363088
6.295428
6.3880124
6.341256
6.5298357
6.5383816
6.3735547
6.347805
6.357016
6.4418354
6.3482714
6.652205
6.4825964
6.3717747
6.4658804
6.445293
6.5949183
6.4299483
6.416094
6.266862
6.215453
6.158269
6.094796
6.4081554
6.4217286
6.619186
6.385831
6.457849
6.5812225
6.57082
6.465475
6.4308186
6.511804
6.4029694
6.387816
6.3128457
6.4878902
6.390388
6.2825465
6.3306766
6.2831707
6.752727
6.5410085
6.6073766
6.678985
6.800852
6.500977
6.531264
6.51451
6.571583
6.439742
6.864926
6.8825474
6.6204467
6.901701
6.8204865
7.0797234
6.5277
6.7681923
6.5695953
6.732709
6.4631553
6.442109
6.49538
6.391061
6.4308047
6.2363224
6.3569775
6.5108585
6.2877836
6.3844914
6.63848
6.4141717
6.675701
6.512574
6.543145
6.3646855
6.2670035
6.3352127
6.252017
6.4272795
6.725015
6.794431
6.6837573
6.875347
6.608348
6.8139544
6.8232265
6.6826067
6.727362
6.78217
6.625091
6.729426
6.692841
6.813706
6.6933675
6.811761
6.9218016
6.632393
6.8171487
6.614413
6.71776
6.697234
6.590649
6.513661
6.4491935
6.590469
6.8103666
6.6436005
6.807692
6.808821
6.8607917
6.5519104
6.6671877
6.7438526
6.5523176
6.733323
6.6994047
6.9167423
6.634103
6.6665087
6.8732686
6.6205587
6.3564706
6.25542
6.449879
6.609844
6.512626
6.5769734
6.6762047
6.5888143
6.580198
6.5316796
6.506925
6.0979757
6.3278418
6.056761
5.993869
5.9136972
5.883358
5.91972
6.1531367
6.0122848
5.9943542
6.2673526
5.9823494
5.9693604
6.060304
5.8831944
5.97396
5.917651
5.9920692
5.968153
5.829316
6.0814676
6.039202
5.8439264
5.9996433
5.985174
6.0271816
6.0211515
6.3214107
6.248242
6.2691135
5.9672337
6.2244473
6.1973696
6.0564346
6.0930843
6.1988835
6.0914445
6.054394
6.0665727
6.1879
6.219931
6.034148
6.0599923
5.971607
6.036889
5.9717407
5.9151034
5.9597683
5.865449
5.928406
5.8709793
5.7660713
5.8362966
6.013002
6.0365725
6.006333
5.771013
5.8037806
5.8014708
5.6281605
5.8557673
5.9114027
5.7886505
5.778254
5.9080515
5.7633696
6.0661426
5.9024725
5.716723
5.916307
5.8560133
5.9683647
5.98326
6.033381
5.760466
5.6855536
5.731029
5.844623
5.864524
5.776951
5.830101
5.879801
5.8131666
5.822092
5.78103
5.7575903
5.8494835
5.970804
6.000673
5.6605415
5.7838626
5.801363
5.992574
5.7913504
5.968708
6.0576334
6.135618
5.918748
6.0818334
5.8350654
5.8529205
5.739002
5.9788613
5.837554
6.0723386
5.9178314
5.986645
5.992807
6.0119276
5.9747114
5.696859
6.1241264
6.041248
5.9638734
5.6111126
6.111701
6.1860347
5.932377
6.0080194
6.141724
6.1593866
5.8376184
6.0539
5.853427
6.125943
5.895806
5.844111
6.016343
5.985101
5.970288
6.022564
5.745243
5.9724026
5.765461
6.2721615
5.793927
5.7897754
5.8560705
5.671178
5.716014
5.808173
5.775321
5.8988123
5.835168
5.8677206
5.6151423
5.828431
5.725007
5.8301435
5.7769938
5.7859507
5.8489065
6.0159206
6.045717
5.8810115
5.6874824
5.954015
5.733019
5.591851
5.691767
5.898479
5.761269
5.604083
5.8003893
5.628873
5.6457195
5.3820744
5.6079955
5.3107266
5.7109566
5.548109
5.380247
5.4415736
5.21366
5.7615623
5.3632574
5.619655
5.4190273
5.498108
5.3954315
5.669549
5.63206
5.5828457
5.369284
5.592607
5.288431
5.630581
5.5529666
5.308105
5.5663877
5.3583345
5.4778156
5.5633955
5.5031867
5.657796
5.4971085
5.41545
5.6288767
5.5807414
5.365037
5.7282333
5.377222
5.309635
5.451872
5.4736996
5.099682
5.354168
5.447148
5.422497
5.578455
5.1564846
5.432824
5.339473
5.235115
5.3613625
5.125468
5.261732
5.2868934
5.3360624
5.104922
5.595236
5.5286865
5.275157
5.292388
5.4550686
5.7215185
5.5972643
5.3150907
5.1935306
5.826041
5.403455
5.596135
5.4150963
5.6648855
5.531104
5.1624546
5.474331
5.482474
5.6696825
5.6668487
5.105455
5.4278803
5.469552
5.3416405
5.636999
5.253319
5.1986732
5.4229503
5.5786896
5.2954144
5.393643
5.1270585
5.331505
5.3717165
5.4674
5.3041186
5.310077
5.2311397
5.1390295
5.186116
5.311102
5.232047
5.263629
5.332267
5.338564
5.3751764
5.343344
5.3250694
5.272216
5.372387
5.3047595
5.45087
5.2110243
5.2031302
5.300145
5.2015557
5.180477
5.351372
5.2659974
5.1992626
5.089517
5.0091257
5.1820297
5.203772
5.2658877
5.317708
5.2126956
5.1869965
