10000
9.851137
9.834766
9.782599
9.812405
9.761914
9.796153
9.769943
9.749743
9.728018
9.62072
9.579968
9.557968
9.542389
9.457878
9.483251
9.416344
9.435957
9.337912
9.245485
9.212648
9.223405
9.252908
9.129717
9.022008
9.120184
9.0864525
9.110327
9.0161495
8.935708
8.921913
8.812973
8.815264
8.709947
8.710626
8.612613
8.611838
8.503705
8.385309
8.297818
8.352649
8.370876
8.2004795
8.099696
8.055511
8.045299
7.891272
7.7724805
7.8147793
7.615676
7.538988
7.275063
7.4940786
7.3265996
7.1528726
7.0724626
7.0072923
6.989936
6.8531337
6.9441466
6.9551315
7.0372324
7.0034447
6.9390793
6.7843485
6.945075
6.8482227
6.8268523
6.851306
6.8888526
6.957365
6.9360986
7.0075636
6.957744
6.948209
6.9973364
6.9781656
7.1082115
6.991316
7.0609126
6.7981353
7.050455
6.8970003
6.978985
6.8521533
7.004354
6.8453555
6.902952
7.026513
6.9575458
6.9584937
6.9730144
7.231437
7.405394
7.3997707
7.4907074
7.562598
7.5878134
7.8347588
7.949037
8.242759
8.159434
8.207591
8.182029
8.038648
8.08807
8.238558
8.300396
8.274792
8.231157
8.502648
8.402313
8.329925
8.299692
8.227012
8.177339
8.122087
8.115588
8.1922245
8.135281
8.112402
8.0527935
7.9743886
7.9109716
8.049882
7.981888
7.9754405
7.9833946
7.9042044
7.8552003
7.78082
7.7483807
7.6529627
7.595667
7.6487765
7.5629716
7.586228
7.50424
7.6164618
7.56009
7.563169
7.609314
7.5907784
7.550301
7.566706
7.5004196
7.580292
7.528427
7.5580277
7.609461
7.5432463
7.503538
7.6096573
7.49375
7.49506
7.416785
7.4121504
7.393703
7.4151974
7.2809095
7.3273287
7.372445
7.336855
7.2995834
7.3935304
7.32115
7.2612042
7.2610583
7.340756
7.3543015
7.3380084
7.3717337
7.398901
7.508573
7.538267
7.3181987
7.3887157
7.3032146
7.2736764
7.316769
7.265762
7.1667333
7.127184
7.114278
7.1241508
7.0333734
7.105095
7.1026506
7.0871663
7.121438
7.012429
7.185803
7.0506225
7.0187244
6.9175816
6.8718376
6.794256
6.7783675
6.673889
6.5295076
6.885119
6.598226
6.696674
6.555719
6.569548
6.558917
6.3650427
6.36687
6.412646
6.3875523
6.2515125
6.3362036
6.25565
6.5286694
6.4319797
6.5967426
6.223611
6.461956
6.6041636
6.6277046
6.694868
6.503494
6.658503
6.5326786
6.8279004
6.6969786
6.725003
6.4850445
6.794491
6.592379
6.7727346
6.7345138
6.692289
6.658492
6.6734343
6.7085576
6.6976852
6.627769
6.560336
6.6720605
6.705097
6.5682945
6.6425366
6.454467
6.7423725
6.634688
6.8504295
6.4775248
6.860688
6.7910137
6.7334175
6.7401924
6.366429
6.659014
6.549228
6.5555234
6.505156
6.6030803
6.5631
6.7550616
6.7437506
6.555622
6.5062633
6.6864023
6.6143723
6.7168493
6.63663
6.5950265
6.7601643
6.790248
6.6321087
6.7011895
6.6817975
6.6338825
6.569307
6.6790886
6.4680834
6.616705
6.8186235
6.6834383
6.58414
6.7322364
6.7244625
6.664758
6.6466265
6.5365286
6.634454
6.5120063
6.7011695
6.692739
6.608181
6.5613623
6.568243
6.4549727
6.4396577
6.636961
6.2819924
6.429124
6.507171
6.317816
6.4280076
6.2584987
6.343719
6.451196
6.15812
6.3111763
6.1801333
6.5182247
6.4248333
6.426107
6.380328
6.405952
6.5189886
6.4739823
6.3786926
6.5364685
6.5990505
6.6089573
6.2312565
6.67767
6.4755235
6.562091
6.454318
6.562215
6.3686323
6.61648
6.55165
6.536045
6.4560146
6.5062647
6.441706
6.546832
6.3598585
6.5755334
6.2868004
6.520904
6.3057857
6.5191393
6.528515
6.356473
6.4044404
6.428105
6.502173
6.4454875
6.3732553
6.28817
6.2879653
6.359145
6.379868
6.367891
6.312513
6.438939
6.3514977
6.3556366
6.2002525
6.4671655
6.458406
6.4940786
6.5378437
6.6110306
6.5196695
6.52455
6.5961432
6.5966673
6.674217
6.921746
6.8479156
6.8743234
6.814503
6.8872247
6.8603697
6.845896
6.8879533
6.911027
6.941843
7.126245
6.9443407
7.115904
6.9473104
7.0131726
6.8575535
6.905281
6.9326096
6.9549694
6.8364196
6.7979107
6.9139347
6.966111
6.850078
6.891142
6.802238
6.8075557
6.800099
6.7040167
6.6800704
6.588518
6.6320515
6.7631526
6.7644434
6.702672
6.675187
6.7787814
6.5863295
6.694194
6.6625776
6.6636314
6.4949813
6.5989566
6.6477737
6.529649
6.5589604
6.6558146
6.5733337
6.6678314
6.7061315
6.700575
6.7708817
6.736641
6.6336293
6.6829634
6.6513557
6.828012
6.587133
6.79098
6.6086416
6.6562243
6.658313
6.767268
6.6020794
6.645547
6.7299056
6.7892566
6.6395535
6.7972264
6.89511
6.8193603
6.7155356
6.6345506
6.7005525
7.011129
6.8884025
6.8154783
6.8720427
6.9658647
6.829153
6.8885717
6.9413204
7.011171
6.936378
7.134065
7.02403
6.900437
6.81114
6.8892727
6.907706
6.717273
6.7968245
6.928893
6.886945
6.88231
6.901615
6.853017
6.985055
6.774981
7.01495
6.8165946
6.842286
6.8968
6.7188826
6.937818
6.779311
6.658255
6.9053993
6.925022
6.7462673
6.8247747
6.8514986
6.842296
7.0558987
6.7643857
6.861896
6.81769
6.936263
6.71605
6.9345417
6.819237
6.955823
6.898038
6.9712033
6.967694
6.903756
7.059668
7.023032
6.948045
7.0922103
7.0309687
7.1724153
7.2883897
7.0069532
7.408155
7.302298
7.2692003
7.2283087
7.324692
7.18454
7.27919
7.1788197
7.396044
7.3781743
7.454357
7.415466
7.4337983
7.3434105
7.1625967
7.20664
7.114869
7.3481445
7.388715
7.4046226
7.2389197
7.1460986
7.205413
7.38326
7.123315
7.152998
7.1410503
7.103904
6.927342
6.9893465
6.9872065
6.9830728
7.0003257
7.0524387
6.9956837
7.156543
6.92014
6.9336076
6.92562
6.933297
7.047907
6.968267
6.9055834
6.927393
6.900238
6.9323516
6.9848275
6.9324627
6.9935155
7.0122466
6.915934
6.87715
6.7838993
6.9274898
7.02188
6.960077
6.8568196
6.84916
6.8739805
6.805909
7.0232105
6.976796
7.1620784
6.98554
7.0594335
7.1726813
7.117077
7.0843477
6.9840612
7.0516305
7.0818725
7.13322
7.2462
7.2531347
7.4447145
7.247702
7.385884
7.3881187
7.348054
7.3549848
7.3069606
7.295226
7.4084196
7.4072185
7.32407
7.134915
7.1402802
7.348753
7.326952
7.3860836
7.301414
7.352852
7.1397324
7.2567964
7.180417
7.384012
7.327613
7.320225
7.2698503
6.9508324
6.823451
7.064784
7.07481
7.0156984
6.9751663
6.999586
6.7916307
6.7020082
6.8624544
6.8348713
6.796733
6.8540964
6.777721
6.7045083
6.879064
6.880415
6.8754573
6.8202252
6.922157
6.867433
7.0032434
6.7499814
6.8869286
6.9590297
6.842789
6.899884
6.9315467
7.052388
6.875187
6.86619
6.810233
6.9693336
6.959054
7.0938783
6.8518467
7.052308
6.92883
6.8853545
7.1637826
7.0542946
7.0223475
7.0357895
7.285042
7.214948
7.3472357
7.0678525
7.321266
7.0774026
7.2450314
7.396983
7.3416286
7.5042806
7.4108496
7.3179936
7.410919
7.5764875
7.299331
7.4687552
7.461245
7.430969
7.2848434
7.4454074
7.517765
7.3309574
7.321741
7.371325
7.2399135
7.2431912
7.3046875
7.40035
7.382713
7.3304067
7.229532
7.231661
7.08255
7.166547
7.144628
7.038232
6.853929
6.86531
6.9836235
6.915767
6.892351
6.8772607
6.8882637
6.897458
6.9143004
6.869504
6.8018456
6.6990128
6.8974304
6.687386
6.816019
6.8357716
6.9671516
6.8479013
6.831818
6.9609303
6.790308
6.8586974
7.007166
6.839414
6.9313493
6.960084
7.0076756
6.854332
6.910554
6.945681
7.021123
6.9804773
6.8580484
6.986864
6.8923965
7.085464
7.085621
7.0001173
7.2122583
6.9292383
7.1801505
6.99615
7.229884
7.191236
7.1744103
7.049996
7.0670495
7.0812387
7.101828
7.405813
7.3401427
7.3389125
7.335066
7.352516
7.3698997
7.4313784
7.168217
7.216304
7.284224
7.242711
7.2976785
7.2234974
7.2528563
7.1331797
7.3755927
7.044983
7.1768804
7.1144896
7.1324134
7.196103
7.2424445
7.1254306
7.025283
7.05789
7.209339
6.9709334
7.018936
7.0476594
6.957134
7.0678835
7.0342693
6.897909
6.89004
6.854302
6.8382363
6.734707
6.906773
6.786427
6.9848957
6.7337027
6.917363
6.8604856
6.877797
6.8685894
7.1750836
7.200717
7.160557
7.059591
6.8478794
6.562827
6.460951
6.6084805
6.605036
6.191396
6.0069246
5.680371
5.3307385
5.4387054
3.0237346
2.6670125
3.4103997
2.8472672
2.1292424
3.7819643
2.7615082
2.858048
2.6280181
3.7129755
3.42572
2.768466
2.9722483
2.5282073
2.9861975
3.1649334
3.496566
2.8174827
2.8182833
2.8835948
2.6980495
2.5376842
2.686122
3.1721156
2.77077
2.989
2.4117348
3.0381129
3.7285156
2.4255862
3.8329425
3.005517
2.2842135
2.8790476
3.5572586
3.2238817
2.6420631
3.6058493
3.3508847
2.9059353
2.8063316
2.369876
3.0283275
3.2956786
3.3544574
3.5069463
2.4250662
2.892332
2.950804
2.6546438
3.5768843
2.4868097
3.0119743
6.630252
6.758461
7.075592
6.9710555
6.958588
6.935948
6.8826804
7.004327
7.130744
6.9359274
7.1184125
7.169361
6.8051887
7.1584625
7.034281
6.9842534
6.9620233
6.939538
7.130172
6.948659
7.0825796
6.957348
7.2454205
7.3518505
7.2355742
7.392002
7.2144737
7.319352
7.395866
7.0349207
7.37987
7.561301
7.4612074
7.498904
7.590028
7.6095195
7.5738325
7.5038414
7.615346
7.5885906
7.654599
7.5861993
7.7185035
7.595353
7.5729256
7.5138035
7.6638756
7.4191737
7.5333314
7.621305
7.3147
7.6375513
7.436479
7.369899
7.51008
7.2915053
7.2604003
7.414563
7.195439
7.2755194
7.272378
7.422982
7.4474425
7.159127
7.275889
7.3016224
7.2909737
7.4173784
7.374262
7.325363
7.237245
7.297384
7.4463897
7.4945517
7.542555
7.3652854
7.6337843
7.4063916
7.514828
7.4294024
7.555658
7.5697794
7.4551167
7.477633
7.553157
7.468969
7.4670753
7.5667224
7.492864
7.648321
7.5767317
7.5507364
7.7176385
7.76361
7.739576
7.621965
7.8378925
7.8421345
7.6938286
7.7801385
7.669666
7.6791472
7.631077
7.628255
7.374842
7.338631
7.492322
7.5294704
7.523532
7.3878803
7.4823956
7.3945284
7.5113945
7.4960375
7.2126756
7.363915
7.246696
7.309514
7.2949705
7.406185
7.2910705
7.1723967
7.4766335
7.2141805
7.3852677
7.4740744
7.302841
7.3469176
7.4384065
7.358829
7.242287
7.320522
7.3879423
7.2595587
7.344919
7.3237205
7.406229
7.4328756
7.537319
7.4746623
7.4911203
7.601675
7.7413836
7.5163493
7.4490366
7.470108
7.658777
7.7100444
7.8679843
7.730618
7.783965
7.729049
7.780909
7.830229
7.7209287
7.847069
7.7535553
7.6742654
7.604779
7.511938
7.3834925
7.6122537
7.666053
7.581741
7.6890693
7.525347
7.487469
7.546331
7.5171833
7.528221
7.2986026
7.390527
7.484864
7.36826
7.3767657
7.464113
7.439648
7.4436955
7.4458256
7.497716
7.749217
7.308929
7.446232
7.4664817
7.56478
7.6192226
7.595405
7.466342
7.666405
7.7741356
7.83392
7.7994223
7.9205356
7.6603937
7.673776
7.749002
7.74403
7.928708
7.826488
7.902365
7.7610745
7.794653
7.79264
7.703146
7.747018
7.6634927
7.7020974
7.606988
7.521139
7.7768593
7.540387
7.6520967
7.6061673
7.524755
7.6281195
7.536935
7.371584
7.3877807
7.548476
7.343149
7.500449
7.426893
7.270172
7.4362683
7.5179043
7.46548
7.4244576
7.246936
7.368842
7.5091147
7.445413
7.366319
7.3597927
7.701413
7.662641
7.778547
7.734928
7.610588
7.7676654
7.923701
7.7027497
7.8667536
7.7822657
7.965221
7.8147216
7.907109
7.7097807
7.6784477
7.7731085
7.7535563
7.475156
7.6642265
7.558755
7.7042475
7.5800977
7.419755
7.523168
7.4390693
7.431796
7.4403996
7.3807144
7.5719953
7.2828226
7.5442863
7.562495
7.303566
7.4484797
7.4019527
7.5711565
7.304606
7.3946853
7.392724
7.226789
7.480791
7.486447
7.500725
7.596528
7.6833487
7.650609
7.574501
7.684806
7.944065
7.7375126
7.841245
7.8064556
7.884816
7.7480917
7.834978
8.020667
7.8893056
7.9185996
7.788408
7.7507987
7.569164
7.704617
7.688876
7.6985755
7.5097833
7.5971656
7.4528418
7.44662
7.498634
7.3195148
7.256738
7.329247
7.34941
7.3818436
7.4280252
7.226734
7.3436503
7.1827846
7.427801
7.419934
7.3320026
7.258547
7.5417814
7.4978905
7.607827
7.6430006
7.527109
7.7245092
7.689892
7.726298
7.50722
7.688137
7.7133493
7.7748103
7.629832
7.622143
7.545991
7.6581745
7.4250827
7.578658
7.4647093
7.407736
7.4457393
7.0995655
7.234136
7.1483884
7.1964855
7.0655804
7.3621235
7.2871704
7.299968
7.0384774
7.08943
7.102315
6.9897823
7.2541213
7.1689005
7.399576
7.193149
7.363233
7.4493566
7.416931
7.6472936
7.544712
7.537638
7.4836817
7.249774
7.5999293
7.462554
7.730788
7.544788
7.7135196
7.7659163
7.4954424
7.67548
7.548603
7.6861606
7.582282
7.623739
7.3210793
7.1849
7.3163195
7.1075644
7.0077925
7.1881127
7.0002513
6.9171343
7.052601
7.040716
6.66358
6.9848576
7.0930686
6.814689
7.068928
7.1390686
6.971883
7.2696505
7.002002
7.218122
7.227043
7.2543902
7.1886473
7.3846583
7.257159
7.24832
7.4348154
7.3040733
7.4203286
7.58724
7.4381413
7.468216
7.6562366
7.3972387
7.3259287
7.3929315
7.2351904
7.3262315
7.192894
7.0976686
7.0217543
6.996469
7.0921907
7.24695
6.962309
7.061432
6.984239
6.7244883
7.2092667
6.948912
7.1013064
7.09226
6.8079467
6.8904405
7.0962257
6.958502
7.15342
6.864923
7.2553706
7.116919
6.938677
6.9321413
6.947605
7.0520406
7.0037007
7.231845
7.342507
7.2925854
7.4447007
7.6558967
7.2743926
7.5261106
7.2344027
7.458408
7.3956866
7.423332
7.487725
7.1522045
7.251483
7.200447
7.286353
7.347032
7.1041727
7.1106305
6.9572487
6.70393
6.7122517
6.822604
6.8694644
6.801546
6.738375
6.719744
6.5525184
6.6629314
6.5788007
6.6428585
6.659205
6.8973813
7.0082927
6.9464417
7.0166774
7.0524364
7.0837383
7.0591106
6.9223638
7.1239495
7.0232253
7.12665
7.042688
7.034885
7.0386
6.8523936
6.808687
6.884065
6.8192725
6.730188
6.6284337
6.9658966
6.6782355
6.651882
6.439602
6.6425457
6.510225
6.3342466
6.490463
6.396467
6.543045
6.583452
6.386492
6.540964
6.577421
6.6027355
6.6701803
6.7548523
6.684416
6.8108525
6.8088784
6.810166
6.9175797
6.96783
7.066285
6.611732
6.793666
6.75618
6.5497155
6.549846
6.661864
6.806963
6.6024475
6.391077
6.7270327
6.774745
6.3262153
6.411922
6.4096136
6.386855
6.167335
6.254091
6.2289896
6.246606
6.129756
6.0642014
6.097697
6.4541426
6.1572967
5.887974
6.2868805
6.2619605
6.021372
6.286539
6.0378547
6.212926
6.110858
6.367088
6.2891145
6.33026
6.277898
6.305632
6.5196
6.3489647
6.3414207
6.5688987
6.438153
6.2020817
6.331082
6.349903
6.235718
6.1416283
6.3838015
6.1144423
6.296739
6.2600074
6.1462927
6.238655
6.149542
6.1441994
6.316064
6.1631193
6.002837
6.171549
5.9051943
5.9005346
6.0544887
5.9149294
5.8267584
5.720697
5.911302
5.835744
5.723677
5.941779
5.8454556
5.7604933
5.9888167
5.8098187
5.819416
6.0474777
5.712175
5.8018236
6.105588
6.330012
6.0623755
6.054981
6.2262
6.0295568
6.2424254
6.0897613
6.1443787
6.044844
5.959845
6.24294
6.2120085
6.2386107
6.345032
6.438084
6.1434274
6.1783285
6.1495767
6.30617
6.479649
6.2812567
6.485073
6.490052
6.400996
6.501534
6.411436
6.464169
6.436243
6.3182755
6.403159
6.3880124
6.2450233
6.5510473
6.4012156
6.483418
6.3091173
6.359856
6.5301776
6.2824535
6.562137
6.6208844
6.3717747
6.397627
6.320093
6.4841814
6.3459606
6.3008156
6.3590975
6.098669
6.003878
6.1041408
6.4081554
6.370723
6.619186
6.4085364
6.4889627
6.563324
6.4415765
6.4504876
6.5064316
6.696529
6.3777266
6.5111146
6.3128457
6.562905
6.390388
6.489154
6.0976987
6.3023343
6.4287024
6.452567
6.5025635
6.792225
6.800852
6.500977
6.531264
6.51451
6.571583
6.439742
6.864926
6.8825474
6.6204467
6.901701
6.7493467
7.025487
6.7197886
6.6176662
6.6943097
6.7884097
6.536489
6.442109
6.49538
6.391061
6.4308047
6.3002687
6.4571486
6.4104996
6.2877836
6.525308
6.4861994
6.762104
6.5863557
6.6211653
6.501527
6.578601
6.4203677
6.589974
6.5685396
6.595817
6.8068504
6.945952
6.6967974
7.0051136
6.6814294
6.772155
6.756096
6.879439
6.823449
6.9238067
6.6094103
6.691668
6.7025704
6.8506746
6.6933675
6.976301
6.675077
6.773442
6.658231
6.614413
6.71776
6.765294
6.630348
6.5256295
6.4491935
6.5909915
6.721143
6.7281795
6.843543
6.606568
6.5750113
6.5620575
6.6840286
6.6774664
6.460417
6.7925076
6.5661416
6.8060822
6.647672
6.5822887
6.5620184
6.514716
6.33746
6.2723374
6.2338505
6.5017004
6.5678844
6.461658
6.643919
6.583484
6.4878983
6.4992957
6.5218205
6.118783
6.2339664
6.072938
5.90513
5.892867
5.882889
5.9529133
6.2000375
6.082081
5.9943542
6.2673526
5.9823494
6.0625124
5.9883456
5.8476725
6.058687
5.917651
5.927994
6.0535254
5.910446
5.9982653
6.10677
5.812904
5.9605207
6.004684
6.069023
6.0211515
6.1407466
6.0478206
6.3192897
6.011752
6.2561374
6.1149325
6.0537024
6.0599
6.218313
6.0806355
6.054394
6.117468
6.1879
6.1923733
6.107234
6.1402383
6.021067
5.8899727
5.9353657
6.0646944
6.0091186
5.930239
5.970768
5.8709793
5.8713136
5.889863
5.850977
5.8118625
5.9413147
5.725877
5.909369
5.857341
5.734197
5.8010025
5.877722
5.7886505
5.778254
5.9412766
5.678015
5.8486795
5.9024725
5.742889
5.9075565
5.7755957
6.0804644
6.1752925
5.903929
5.8300424
5.637964
5.731029
5.785493
5.909971
5.7841487
5.815674
5.879801
5.8131666
5.88001
5.9466777
5.859596
5.9540825
6.029108
5.9683495
5.8192077
5.810954
5.854357
5.849622
5.747162
6.005152
6.01518
6.141884
6.049835
6.0818334
5.8350654
5.8529205
5.739002
5.9788613
5.837554
6.0723386
5.815354
5.945487
5.971336
5.910913
5.8534293
5.986333
6.0887065
6.005131
5.8808074
5.6111126
6.111701
6.1860347
5.932377
6.0080194
6.141724
6.1694107
6.084458
5.938092
5.825651
5.9601016
6.0310388
5.844111
6.003474
6.084562
5.970288
6.044032
5.829334
5.891967
5.8664465
6.155311
5.9746237
5.7297554
5.918921
5.6134396
5.770904
5.745042
5.97431
6.04433
5.9297
5.6248684
5.611885
5.8947806
5.8106117
6.00907
5.9101896
5.758472
5.902437
5.922726
5.9596643
5.8834486
5.7990017
5.9324694
5.7922425
5.8985944
5.470526
5.8560934
5.8159313
5.4457526
5.5858397
5.5964046
5.6478734
5.475916
5.61172
5.37672
5.5843744
5.511485
5.3415995
5.3630815
5.324245
5.675262
5.308686
5.466201
5.3783855
5.5611925
5.297396
5.4870715
5.4176188
5.5745764
5.2263603
5.5559783
5.26665
5.614733
5.4520197
5.327048
5.530887
5.7559032
5.5536547
5.635877
5.5207634
5.6160355
5.6652045
5.491295
5.445245
5.4153996
5.365535
5.7507257
5.792977
5.1780605
5.6206694
5.4121647
5.2479925
5.4125485
5.474319
5.6724143
5.347754
5.5896063
5.509309
5.623253
5.6018076
5.3634863
5.478871
5.4540257
5.4633765
5.630194
5.3218846
5.8135586
5.5550756
5.4190965
5.507672
5.5322027
5.630711
5.700555
5.5096335
5.548238
5.787184
5.6558385
5.6390467
5.529451
5.7506413
5.557885
5.3779597
5.3881497
5.557578
5.669358
5.598943
5.4786053
5.585737
5.407874
5.5335574
5.5352573
5.3973813
5.437188
5.4863796
5.525115
5.4943447
5.5043287
5.211098
5.2883234
5.4693604
5.411436
5.3537407
5.354179
5.1810174
5.1290517
5.2813997
5.2880535
5.378565
5.3004837
5.3348637
5.3970304
5.3751764
5.3326454
5.247082
5.2155957
5.3455944
5.325922
5.297104
5.2130237
5.200392
5.2714467
5.3295894
5.218657
5.1432495
5.2191176
5.1992626
5.089338
4.993847
5.2251563
5.185691
5.328147
5.317708
5.0768447
5.2119646
