10000
9.851137
9.834766
9.782599
9.812405
9.761914
9.796153
9.769943
9.749743
9.728018
9.62072
9.579968
9.557968
9.542389
9.457878
9.483251
9.416344
9.435957
9.337912
9.245485
9.212648
9.223405
9.252908
9.129717
9.022008
9.120184
9.0864525
9.110327
9.0161495
8.935708
8.921913
8.812973
8.815264
8.709947
8.710626
8.612613
8.611838
8.503705
8.385309
8.297818
8.352649
8.370876
8.2004795
8.099696
8.055511
8.045299
7.891272
7.7724805
7.8147793
7.615676
7.538988
7.275063
7.4940786
7.3265996
7.1528726
7.0724626
7.0072923
6.989936
6.8531337
6.9441466
6.9551315
7.0372324
7.0034447
6.9390793
6.7843485
6.945075
6.8482227
6.8268523
6.851306
6.8888526
6.957365
6.9360986
7.0075636
6.957744
6.948209
6.9973364
6.9781656
7.1082115
6.991316
7.0609126
6.7981353
7.050455
6.8970003
6.978985
6.8521533
7.004354
6.8453555
6.902952
7.026513
6.9575458
6.9584937
6.9730144
7.231437
7.405394
7.3997707
7.4907074
7.562598
7.5878134
7.8347588
7.949037
8.242759
8.159434
8.207591
8.182029
8.038648
8.08807
8.238558
8.300396
8.274792
8.231157
8.502648
8.402313
8.329925
8.299692
8.227012
8.177339
8.122087
8.115588
8.1922245
8.135281
8.112402
8.0527935
7.9743886
7.9109716
8.049882
7.981888
7.9754405
7.9833946
7.9042044
7.8552003
7.78082
7.7483807
7.6529627
7.595667
7.6487765
7.5629716
7.586228
7.50424
7.6164618
7.56009
7.563169
7.609314
7.5907784
7.550301
7.566706
7.5004196
7.580292
7.528427
7.5580277
7.609461
7.5432463
7.503538
7.6096573
7.49375
7.49506
7.416785
7.4121504
7.393703
7.4151974
7.2809095
7.3273287
7.372445
7.336855
7.2995834
7.3935304
7.32115
7.2612042
7.2610583
7.340756
7.3543015
7.3380084
7.3717337
7.398901
7.508573
7.538267
7.3181987
7.3887157
7.3032146
7.2736764
7.316769
7.265762
7.1667333
7.127184
7.114278
7.1241508
7.0333734
7.105095
7.1026506
7.0871663
7.121438
7.012429
7.185803
7.0506225
7.0187244
6.9175816
6.8718376
6.794256
6.7783675
6.673889
6.5295076
6.885119
6.598226
6.696674
6.555719
6.569548
6.558917
6.3650427
6.36687
6.412646
6.3875523
6.2515125
6.3362036
6.25565
6.5286694
6.4319797
6.5967426
6.223611
6.461956
6.6041636
6.6277046
6.694868
6.503494
6.658503
6.5326786
6.8279004
6.6969786
6.725003
6.4850445
6.794491
6.592379
6.7727346
6.7345138
6.692289
6.658492
6.6734343
6.7085576
6.6976852
6.627769
6.560336
6.6720605
6.705097
6.5682945
6.6425366
6.454467
6.7423725
6.634688
6.8504295
6.4775248
6.860688
6.7910137
6.7334175
6.7401924
6.366429
6.659014
6.549228
6.5555234
6.505156
6.6030803
6.5631
6.7550616
6.7437506
6.555622
6.5062633
6.6864023
6.6143723
6.7168493
6.63663
6.5950265
6.7601643
6.790248
6.6321087
6.7011895
6.6817975
6.6338825
6.569307
6.6790886
6.4680834
6.616705
6.8186235
6.6834383
6.58414
6.7322364
6.7244625
6.664758
6.6466265
6.5365286
6.634454
6.5120063
6.7011695
6.692739
6.608181
6.5613623
6.568243
6.4549727
6.4396577
6.636961
6.2819924
6.429124
6.507171
6.317816
6.4280076
6.2584987
6.343719
6.451196
6.15812
6.3111763
6.1801333
6.5182247
6.4248333
6.426107
6.380328
6.405952
6.5189886
6.4739823
6.3786926
6.5364685
6.5990505
6.6089573
6.2312565
6.67767
6.4755235
6.562091
6.454318
6.562215
6.3686323
6.61648
6.55165
6.536045
6.4560146
6.5062647
6.441706
6.546832
6.3598585
6.5755334
6.2868004
6.520904
6.3057857
6.5191393
6.528515
6.356473
6.4044404
6.428105
6.502173
6.4454875
6.3732553
6.28817
6.2879653
6.359145
6.379868
6.367891
6.312513
6.438939
6.3514977
6.3556366
6.2002525
6.4671655
6.458406
6.4940786
6.5378437
6.6110306
6.5196695
6.52455
6.5961432
6.5966673
6.674217
6.921746
6.8479156
6.8743234
6.814503
6.8872247
6.8603697
6.845896
6.8879533
6.911027
6.941843
7.126245
6.9443407
7.115904
6.9473104
7.0131726
6.8575535
6.905281
6.9326096
6.9549694
6.8364196
6.7979107
6.9139347
6.966111
6.850078
6.891142
6.802238
6.8075557
6.800099
6.7040167
6.6800704
6.588518
6.6320515
6.7631526
6.7644434
6.702672
6.675187
6.7787814
6.5863295
6.694194
6.6625776
6.6636314
6.4949813
6.5989566
6.6477737
6.529649
6.5589604
6.6558146
6.5733337
6.6678314
6.7061315
6.700575
6.7708817
6.736641
6.6336293
6.6829634
6.6513557
6.828012
6.587133
6.79098
6.6086416
6.6562243
6.658313
6.767268
6.6020794
6.645547
6.7299056
6.7892566
6.6395535
6.7972264
6.89511
6.8193603
6.7155356
6.6345506
6.7005525
7.011129
6.8884025
6.8154783
6.8720427
6.9658647
6.829153
6.8885717
6.9413204
7.011171
6.936378
7.134065
7.02403
6.900437
6.81114
6.8892727
6.907706
6.717273
6.7968245
6.928893
6.886945
6.88231
6.901615
6.853017
6.985055
6.774981
7.01495
6.8165946
6.842286
6.8968
6.7188826
6.937818
6.779311
6.658255
6.9053993
6.925022
6.7462673
6.8247747
6.8514986
6.842296
7.0558987
6.7643857
6.861896
6.81769
6.936263
6.71605
6.9345417
6.819237
6.955823
6.898038
6.9712033
6.967694
6.903756
7.059668
7.023032
6.948045
7.0922103
7.0309687
7.1724153
7.2883897
7.0069532
7.408155
7.302298
7.2692003
7.2283087
7.324692
7.18454
7.27919
7.1788197
7.396044
7.3781743
7.454357
7.415466
7.4337983
7.3434105
7.1625967
7.20664
7.114869
7.3481445
7.388715
7.4046226
7.2389197
7.1460986
7.205413
7.38326
7.123315
7.152998
7.1410503
7.103904
6.927342
6.9893465
6.9872065
6.9830728
7.0003257
7.0524387
6.9956837
7.156543
6.92014
6.9336076
6.92562
6.933297
7.047907
6.968267
6.9055834
6.927393
6.900238
6.9323516
6.9848275
6.9324627
6.9935155
7.0122466
6.915934
6.87715
6.7838993
6.9274898
7.02188
6.960077
6.8568196
6.84916
6.8739805
6.805909
7.0232105
6.976796
7.1620784
6.98554
7.0594335
7.1726813
7.117077
7.0843477
6.9840612
7.0516305
7.0818725
7.13322
7.2462
7.2531347
7.4447145
7.247702
7.385884
7.3881187
7.348054
7.3549848
7.3069606
7.295226
7.4084196
7.4072185
7.32407
7.134915
7.1402802
7.348753
7.326952
7.3860836
7.301414
7.352852
7.1397324
7.2567964
7.180417
7.384012
7.327613
7.320225
7.2698503
6.9508324
6.823451
7.064784
7.07481
7.0156984
6.9751663
6.999586
6.7916307
6.7020082
6.8624544
6.8348713
6.796733
6.8540964
6.777721
6.7045083
6.879064
6.880415
6.8754573
6.8202252
6.922157
6.867433
7.0032434
6.7499814
6.8869286
6.9590297
6.842789
6.899884
6.9315467
7.052388
6.875187
6.86619
6.810233
6.9693336
6.959054
7.0938783
6.8518467
7.052308
6.92883
6.8853545
7.1637826
7.0542946
7.0223475
7.0357895
7.285042
7.214948
7.3472357
7.0678525
7.321266
7.0774026
7.2450314
7.396983
7.3416286
7.5042806
7.4108496
7.3179936
7.410919
7.5764875
7.299331
7.4687552
7.461245
7.430969
7.2848434
7.4454074
7.517765
7.3309574
7.321741
7.371325
7.2399135
7.2431912
7.3046875
7.40035
7.382713
7.3304067
7.229532
7.231661
7.08255
7.166547
7.144628
7.038232
6.853929
6.86531
6.9836235
6.915767
6.892351
6.8772607
6.8882637
6.897458
6.9143004
6.869504
6.8018456
6.6990128
6.8974304
6.687386
6.816019
6.8357716
6.9671516
6.8479013
6.831818
6.9609303
6.790308
6.8586974
7.007166
6.839414
6.9313493
6.960084
7.0076756
6.854332
6.910554
6.945681
7.021123
6.9804773
6.8580484
6.986864
6.8923965
7.085464
7.085621
7.0001173
7.2122583
6.9292383
7.1801505
6.99615
7.229884
7.191236
7.1744103
7.049996
7.0670495
7.0812387
7.101828
7.405813
7.3401427
7.3389125
7.335066
7.352516
7.3698997
7.4313784
7.168217
7.216304
7.284224
7.242711
7.2976785
7.2234974
7.2528563
7.1331797
7.3755927
7.044983
7.1768804
7.1144896
7.1324134
7.196103
7.2424445
7.1254306
7.025283
7.05789
7.209339
6.9709334
7.018936
7.0476594
6.957134
7.0678835
7.0342693
6.897909
6.89004
6.854302
6.8382363
6.734707
6.906773
6.786427
6.9848957
6.7337027
6.917363
6.8604856
6.877797
6.8685894
7.1750836
7.200717
7.160557
7.059591
6.8478794
6.562827
6.460951
6.6084805
6.605036
6.191396
6.0069246
5.680371
5.3307385
5.4387054
3.7119617
3.6223338
3.6229842
3.4885795
4.1641207
4.0830884
3.6599965
3.1568859
3.235843
3.171962
3.451741
4.0769725
3.3213198
3.4069164
3.788585
3.6278396
3.1643624
3.810164
3.9147563
3.3953881
3.520484
3.865553
3.3129277
4.450412
3.8020701
4.2678084
3.8361013
3.9973285
3.9641993
3.9225676
3.6512764
3.8868895
3.3326814
3.5588357
5.6018295
5.521773
5.4310646
5.4077587
5.738179
5.7663717
6.1902537
6.609031
6.837989
6.7971816
6.727976
6.7028594
6.9551754
6.7899747
6.8562064
6.8567886
6.805538
6.818855
6.9436975
6.904441
7.0073752
7.128316
7.037759
6.9517
7.0848265
7.0324287
7.004327
7.004661
7.118893
7.1184125
7.095549
7.0512667
6.977258
7.1743464
6.9285507
7.1145678
6.990157
6.995141
6.9012733
7.1053576
7.219596
7.110079
7.2789197
7.315785
7.392002
7.1140094
7.4529104
7.3145566
7.4482255
7.4164014
7.2423177
7.5700493
7.498904
7.590028
7.6095195
7.5738325
7.5038414
7.615346
7.544976
7.4399996
7.5571184
7.5061207
7.5911837
7.4937615
7.540889
7.4999046
7.5694337
7.63245
7.4194126
7.434738
7.356535
7.436479
7.369899
7.51008
7.2915053
7.2604003
7.475773
7.195439
7.225789
7.2450614
7.422982
7.362454
7.159127
7.275889
7.3016224
7.2909737
7.4067597
7.374262
7.4077835
7.2418795
7.2713428
7.216075
7.6331043
7.4656367
7.3606896
7.5937243
7.4507113
7.4957347
7.523154
7.544195
7.5064
7.4806294
7.2250967
7.617014
7.38037
7.583695
7.364292
7.4513154
7.5854325
7.74045
7.525663
7.8219457
7.7434106
7.8264065
7.6308475
7.8770504
7.895239
7.6938286
7.7801385
7.690952
7.6253066
7.6312833
7.602005
7.5664215
7.3571076
7.6946435
7.535454
7.5908575
7.548196
7.5046263
7.424062
7.55465
7.468598
7.324113
7.3551846
7.3178496
7.2783966
7.274612
7.497588
7.3196554
7.077002
7.4626937
7.2141805
7.3852677
7.4740744
7.302841
7.3469176
7.4384065
7.4298954
7.2061462
7.449823
7.22977
7.2360325
7.4450893
7.3254232
7.469756
7.3501487
7.6343565
7.4258966
7.491207
7.565017
7.665413
7.5303526
7.532382
7.455152
7.753752
7.6755805
8.009827
7.685977
7.806771
7.6803856
7.7616477
7.813453
7.759761
7.9455547
7.712767
7.5956078
7.498984
7.5049877
7.4882894
7.680906
7.6548257
7.6502676
7.720854
7.585321
7.6364512
7.5878882
7.518795
7.4769506
7.261239
7.4002905
7.3274155
7.3763247
7.2505503
7.3694773
7.3999567
7.4098306
7.447735
7.4435086
7.647841
7.303041
7.3538055
7.4298935
7.4888783
7.607153
7.540532
7.5966325
7.6299133
7.636562
7.7397966
7.7329454
7.9191227
7.6882887
7.666365
7.6447473
7.63985
7.8370247
7.758442
7.831202
7.844825
7.7688994
7.833853
7.624169
7.7773814
7.6233854
7.5516124
7.5951495
7.504556
7.6502123
7.6560516
7.6520967
7.6061673
7.524755
7.5854096
7.5511923
7.4475927
7.509062
7.582246
7.419444
7.500449
7.4444966
7.2621036
7.552765
7.5179043
7.4644084
7.4244576
7.246936
7.297754
7.5091147
7.4882064
7.3163795
7.5031686
7.701413
7.662641
7.778547
7.7345557
7.5890927
7.7943687
7.868206
7.7027497
7.916718
7.8531194
7.957273
7.8673086
7.9149227
7.7464476
7.6784477
7.7731085
7.7535563
7.475156
7.6642265
7.558755
7.7042475
7.5800977
7.419755
7.523168
7.4390693
7.431796
7.4403996
7.3807144
7.576373
7.3207483
7.4153366
7.5340695
7.274525
7.1413536
7.3350186
7.3248773
7.3663373
7.4802847
7.289522
7.405525
7.388712
7.506112
7.574651
7.6756744
7.6682787
7.564892
7.6849484
7.7798133
7.938551
7.892168
8.0100355
7.923335
7.9791207
7.7513075
7.823247
7.99289
7.893283
7.84153
7.9181294
7.710181
7.754069
7.6574297
7.6919537
7.56305
7.44447
7.4587803
7.4528418
7.5088615
7.489362
7.3195047
7.256738
7.329247
7.34941
7.249719
7.3641434
7.226734
7.3153343
7.3351107
7.427801
7.419934
7.3320026
7.258547
7.4093847
7.3470907
7.5633063
7.6430006
7.620639
7.6252747
7.689892
7.726298
7.50722
7.688137
7.7133493
7.7748103
7.629832
7.622143
7.545991
7.6581745
7.4250827
7.6848173
7.4066696
7.389331
7.4457393
7.0995655
7.234136
7.2323236
7.0390515
7.1097136
7.3030524
7.2102346
7.301618
6.949127
7.261489
7.07434
6.978725
7.2235026
7.075404
7.3705688
7.201541
7.291442
7.351763
7.3730474
7.4916444
7.6509886
7.3204107
7.5879245
7.2633066
7.5735855
7.5134635
7.479154
7.737935
7.7162123
7.822134
7.5393596
7.577268
7.634206
7.831583
7.579875
7.50416
7.3512845
7.327887
7.58478
7.1463842
7.0464787
7.3496895
6.983422
7.0567236
7.296302
7.05515
6.915528
6.974907
7.0238714
6.7574396
7.0563536
6.8710494
6.9390225
6.9361734
6.9754014
6.972095
7.0985813
7.0477805
7.394017
7.219175
7.1116076
7.280581
7.492531
7.5586033
7.4104123
7.513714
7.3243995
7.435258
7.632845
7.046114
7.270833
7.402669
7.325873
7.3340454
7.473146
6.9914846
7.0043736
6.9703655
7.0674324
7.154389
6.8880434
7.0267577
6.903905
6.6952124
6.8811193
7.041736
6.8914847
6.8512325
6.7394867
7.006213
6.8944373
6.777023
7.0579576
7.182421
7.126227
7.3215957
6.6746016
6.9321413
6.947605
7.0520406
7.0037007
7.231845
7.342507
7.2925854
7.4447007
7.6558967
7.2743926
7.5261106
7.2344027
7.458408
7.3956866
7.423332
7.487725
7.1522045
7.251483
7.200447
7.286353
7.347032
7.1041727
7.1106305
6.9572487
6.70393
6.7122517
6.822604
6.8694644
6.801546
6.738375
6.719744
6.5525184
6.6629314
6.5788007
6.6428585
6.659205
6.8973813
7.0082927
6.9464417
7.0166774
7.0524364
7.0837383
7.0591106
6.9223638
7.1239495
7.0232253
7.12665
7.042688
7.034885
7.0386
6.8523936
6.808687
6.884065
6.8192725
6.730188
6.6284337
6.9658966
6.6782355
6.651882
6.439602
6.6425457
6.510225
6.3342466
6.490463
6.396467
6.543045
6.583452
6.386492
6.540964
6.577421
6.6027355
6.6701803
6.7548523
6.684416
6.8108525
6.812175
6.897306
6.811618
6.9985447
7.1067085
6.6944942
6.825714
6.822203
6.6257334
6.7690783
6.604257
6.7027593
6.642052
6.4491262
6.756521
6.6217213
6.3611407
6.5051613
6.4244695
6.381567
6.1604576
6.292723
6.334563
6.1540246
6.121161
6.101288
6.266608
6.16655
6.181296
6.092538
6.5270667
6.1826077
6.0684566
6.3065763
6.101328
6.1875134
6.1451917
6.201231
6.376226
6.269996
6.3096533
6.335358
6.389983
6.3110375
6.3203893
6.468936
6.492078
6.091928
6.238589
6.3319016
6.2401814
6.2797985
6.307541
6.4165936
6.377892
6.2917438
6.2639236
6.105521
6.2361603
6.1725593
6.17623
6.285798
5.9863253
6.1388927
6.0067563
5.92014
5.914493
5.9414253
6.011114
5.92009
5.931821
5.879408
5.753077
5.786661
5.8101196
5.874132
5.992909
5.853394
5.8646903
5.87482
5.9609737
5.867575
6.11104
6.242113
6.2628083
6.215279
6.2734623
6.138105
6.1154776
6.101155
6.326073
6.0564876
5.962721
6.2404256
6.284191
6.18234
6.4391885
6.4442067
6.1917596
6.043598
6.2916822
6.2968063
6.3399544
6.4243355
6.3538666
6.4368796
6.4282894
6.3867044
6.4590836
6.3141994
6.478332
6.3600035
6.2358875
6.4272532
6.2241154
6.5911546
6.4012156
6.483418
6.399915
6.239463
6.5301776
6.385363
6.466143
6.4825964
6.458049
6.4658804
6.4217
6.581436
6.3922415
6.340257
6.2972846
6.215453
6.158269
6.1475635
6.3446527
6.4217286
6.619186
6.385831
6.457849
6.507294
6.362897
6.4137363
6.4308186
6.586667
6.3777266
6.387816
6.3519588
6.339806
6.390388
6.2825465
6.455373
6.2784233
6.580923
6.5253024
6.541691
6.690414
6.5622354
6.4789195
6.4582157
6.492293
6.618165
6.397076
6.7234516
6.8523154
6.599283
6.870335
6.606908
6.8690953
6.5254827
6.7558584
6.5343385
6.7960405
6.2381716
6.3649592
6.7258534
6.380954
6.6404767
6.3002687
6.449914
6.3559484
6.361037
6.56421
6.6257267
6.580974
6.5863557
6.6211653
6.501527
6.578601
6.397665
6.746358
6.515934
6.562585
6.864037
6.8932676
6.6967974
6.8310833
6.6699076
6.7553577
6.9108562
6.8800135
6.9423018
6.89898
6.6814003
6.84337
6.7608657
6.8535357
6.8626847
6.9030175
6.8459706
6.778985
6.772973
6.6787677
6.6350255
6.8832483
6.7916327
6.684102
6.59055
6.5245056
6.886077
6.8207645
7.093633
6.878103
7.0474553
6.6364484
6.798914
6.85782
6.706663
6.8188095
6.744912
6.836894
6.7571354
6.574333
6.687978
6.705363
6.607071
6.342573
6.506978
6.630579
6.6459765
6.60395
6.641866
6.4957223
6.535443
6.576757
6.4741087
6.1805897
6.133917
6.243938
5.8253055
5.858729
5.8335896
6.0111256
6.1257677
6.1112947
6.08599
6.0862083
6.019826
6.048896
5.987165
6.004198
5.871684
6.074747
6.014414
6.1591253
5.845298
6.0665894
6.0615954
5.983038
5.9605207
6.004684
6.069023
6.0211515
6.1407466
6.0478206
6.3192897
6.011752
6.2561374
6.1149325
6.0537024
6.0599
6.218313
6.0806355
6.054394
6.117468
6.1879
6.1923733
6.107234
6.1402383
6.021067
5.8899727
5.9353657
6.0646944
6.0091186
5.930239
5.970768
5.8709793
5.8713136
5.9891515
5.9432297
5.92587
5.9712863
5.7336636
5.7507133
5.791281
5.8562865
5.855165
5.9521823
5.749032
5.808691
5.943124
5.6251707
5.8847194
5.831464
5.7335763
5.8477826
5.8469086
6.0611176
5.987769
5.913982
5.7282414
5.6206565
5.7477407
5.861864
5.789193
5.7421074
5.7890205
5.9818397
5.8649077
5.949168
5.809329
5.9762716
5.9085145
5.970804
5.9680386
5.6605415
5.7593327
5.8602843
5.992574
5.750308
6.0577607
6.032299
6.087228
6.1168203
6.0818334
5.921712
6.017517
5.751224
5.9780235
5.927972
6.0723386
5.815354
6.182162
5.8085194
6.0635185
5.9599295
5.9518785
6.1241264
5.8869586
5.892473
5.822668
6.111701
6.1552963
5.932377
6.0080194
6.141724
6.108974
5.984148
5.899836
5.9653945
6.245305
5.970926
5.8937593
5.963976
5.850777
5.915628
5.984426
5.8529034
5.910645
5.761744
6.313136
5.856654
5.644467
5.8211203
5.6705236
5.7206893
5.846833
5.8511343
5.9820485
5.7641377
5.832746
5.6073937
5.872677
5.9815683
5.9381204
5.765628
5.659623
5.796277
6.0159206
6.045717
5.9527845
5.880525
6.004149
5.733019
5.6602626
5.6003594
5.7439613
5.753901
5.455775
5.77668
5.7095613
5.600059
5.391201
5.571801
5.282777
5.5686584
5.511426
5.386349
5.5008183
5.3638024
5.6216116
5.2935414
5.6034775
5.4818306
5.5807605
5.4316187
5.4741173
5.3498983
5.6144075
5.3153706
5.6742244
5.327196
5.614733
5.41953
5.574552
5.7019515
5.641882
5.5499053
5.5052924
5.476186
5.5581837
5.3796077
5.4802623
5.691826
5.3187532
5.5451427
5.598156
5.533515
5.301775
5.4085383
5.3717422
5.107801
5.2972813
5.3368382
5.53758
5.5019474
5.31264
5.573721
5.3134828
5.390512
5.36476
5.131196
5.413565
5.471134
5.281806
5.3979745
5.5274963
5.481622
5.4546566
5.3861966
5.71307
5.522772
5.7312136
5.6384845
5.213484
5.8646426
5.5418844
5.482134
5.609798
5.493224
5.638056
5.436633
5.2742786
5.579298
5.432397
5.5544043
5.480294
5.291556
5.3489428
5.494633
5.2899213
5.4517403
5.214356
5.474352
5.448754
5.354243
5.343535
5.2502956
5.2154813
5.3579106
5.3986483
5.289775
5.3362303
5.212229
5.2388334
5.2214026
5.2991056
5.309079
5.3106847
5.4224825
5.350657
5.2994037
5.289775
5.3139777
5.41864
5.315016
5.3187084
5.2509956
5.3212924
5.40769
5.194381
5.2161627
5.265115
5.356987
5.1680074
5.2227955
5.0892034
5.1784053
5.172988
5.142114
5.2269707
5.1829123
5.244813
5.230459
