10000
9.851137
9.834766
9.782599
9.812405
9.761914
9.796153
9.769943
9.749743
9.728018
9.62072
9.579968
9.557968
9.542389
9.457878
9.483251
9.416344
9.435957
9.337912
9.245485
9.212648
9.223405
9.252908
9.129717
9.022008
9.120184
9.0864525
9.110327
9.0161495
8.935708
8.921913
8.812973
8.815264
8.709947
8.710626
8.612613
8.611838
8.503705
8.385309
8.297818
8.352649
8.370876
8.2004795
8.099696
8.055511
8.045299
7.891272
7.7724805
7.8147793
7.615676
7.538988
7.275063
7.4940786
7.3265996
7.1528726
7.0724626
7.0072923
6.989936
6.8531337
6.9441466
6.9551315
7.0372324
7.0034447
6.9390793
6.7843485
6.945075
6.8482227
6.8268523
6.851306
6.8888526
6.957365
6.9360986
7.0075636
6.957744
6.948209
6.9973364
6.9781656
7.1082115
6.991316
7.0609126
6.7981353
7.050455
6.8970003
6.978985
6.8521533
7.004354
6.8453555
6.902952
7.026513
6.9575458
6.9584937
6.9730144
7.231437
7.405394
7.3997707
7.4907074
7.562598
7.5878134
7.8347588
7.949037
8.242759
8.159434
8.207591
8.182029
8.038648
8.08807
8.238558
8.300396
8.274792
8.231157
8.502648
8.402313
8.329925
8.299692
8.227012
8.177339
8.122087
8.115588
8.1922245
8.135281
8.112402
8.0527935
7.9743886
7.9109716
8.049882
7.981888
7.9754405
7.9833946
7.9042044
7.8552003
7.78082
7.7483807
7.6529627
7.595667
7.6487765
7.5629716
7.586228
7.50424
7.6164618
7.56009
7.563169
7.609314
7.5907784
7.550301
7.566706
7.5004196
7.580292
7.528427
7.5580277
7.609461
7.5432463
7.503538
7.6096573
7.49375
7.49506
7.416785
7.4121504
7.393703
7.4151974
7.2809095
7.3273287
7.372445
7.336855
7.2995834
7.3935304
7.32115
7.2612042
7.2610583
7.340756
7.3543015
7.3380084
7.3717337
7.398901
7.508573
7.538267
7.3181987
7.3887157
7.3032146
7.2736764
7.316769
7.265762
7.1667333
7.127184
7.114278
7.1241508
7.0333734
7.105095
7.1026506
7.0871663
7.121438
7.012429
7.185803
7.0506225
7.0187244
6.9175816
6.8718376
6.794256
6.7783675
6.673889
6.5295076
6.885119
6.598226
6.696674
6.555719
6.569548
6.558917
6.3650427
6.36687
6.412646
6.3875523
6.2515125
6.3362036
6.25565
6.5286694
6.4319797
6.5967426
6.223611
6.461956
6.6041636
6.6277046
6.694868
6.503494
6.658503
6.5326786
6.8279004
6.6969786
6.725003
6.4850445
6.794491
6.592379
6.7727346
6.7345138
6.692289
6.658492
6.6734343
6.7085576
6.6976852
6.627769
6.560336
6.6720605
6.705097
6.5682945
6.6425366
6.454467
6.7423725
6.634688
6.8504295
6.4775248
6.860688
6.7910137
6.7334175
6.7401924
6.366429
6.659014
6.549228
6.5555234
6.505156
6.6030803
6.5631
6.7550616
6.7437506
6.555622
6.5062633
6.6864023
6.6143723
6.7168493
6.63663
6.5950265
6.7601643
6.790248
6.6321087
6.7011895
6.6817975
6.6338825
6.569307
6.6790886
6.4680834
6.616705
6.8186235
6.6834383
6.58414
6.7322364
6.7244625
6.664758
6.6466265
6.5365286
6.634454
6.5120063
6.7011695
6.692739
6.608181
6.5613623
6.568243
6.4549727
6.4396577
6.636961
6.2819924
6.429124
6.507171
6.317816
6.4280076
6.2584987
6.343719
6.451196
6.15812
6.3111763
6.1801333
6.5182247
6.4248333
6.426107
6.380328
6.405952
6.5189886
6.4739823
6.3786926
6.5364685
6.5990505
6.6089573
6.2312565
6.67767
6.4755235
6.562091
6.454318
6.562215
6.3686323
6.61648
6.55165
6.536045
6.4560146
6.5062647
6.441706
6.546832
6.3598585
6.5755334
6.2868004
6.520904
6.3057857
6.5191393
6.528515
6.356473
6.4044404
6.428105
6.502173
6.4454875
6.3732553
6.28817
6.2879653
6.359145
6.379868
6.367891
6.312513
6.438939
6.3514977
6.3556366
6.2002525
6.4671655
6.458406
6.4940786
6.5378437
6.6110306
6.5196695
6.52455
6.5961432
6.5966673
6.674217
6.921746
6.8479156
6.8743234
6.814503
6.8872247
6.8603697
6.845896
6.8879533
6.911027
6.941843
7.126245
6.9443407
7.115904
6.9473104
7.0131726
6.8575535
6.905281
6.9326096
6.9549694
6.8364196
6.7979107
6.9139347
6.966111
6.850078
6.891142
6.802238
6.8075557
6.800099
6.7040167
6.6800704
6.588518
6.6320515
6.7631526
6.7644434
6.702672
6.675187
6.7787814
6.5863295
6.694194
6.6625776
6.6636314
6.4949813
6.5989566
6.6477737
6.529649
6.5589604
6.6558146
6.5733337
6.6678314
6.7061315
6.700575
6.7708817
6.736641
6.6336293
6.6829634
6.6513557
6.828012
6.587133
6.79098
6.6086416
6.6562243
6.658313
6.767268
6.6020794
6.645547
6.7299056
6.7892566
6.6395535
6.7972264
6.89511
6.8193603
6.7155356
6.6345506
6.7005525
7.011129
6.8884025
6.8154783
6.8720427
6.9658647
6.829153
6.8885717
6.9413204
7.011171
6.936378
7.134065
7.02403
6.900437
6.81114
6.8892727
6.907706
6.717273
6.7968245
6.928893
6.886945
6.88231
6.901615
6.853017
6.985055
6.774981
7.01495
6.8165946
6.842286
6.8968
6.7188826
6.937818
6.779311
6.658255
6.9053993
6.925022
6.7462673
6.8247747
6.8514986
6.842296
7.0558987
6.7643857
6.861896
6.81769
6.936263
6.71605
6.9345417
6.819237
6.955823
6.898038
6.9712033
6.967694
6.903756
7.059668
7.023032
6.948045
7.0922103
7.0309687
7.1724153
7.2883897
7.0069532
7.408155
7.302298
7.2692003
7.2283087
7.324692
7.18454
7.27919
7.1788197
7.396044
7.3781743
7.454357
7.415466
7.4337983
7.3434105
7.1625967
7.20664
7.114869
7.3481445
7.388715
7.4046226
7.2389197
7.1460986
7.205413
7.38326
7.123315
7.152998
7.1410503
7.103904
6.927342
6.9893465
6.9872065
6.9830728
7.0003257
7.0524387
6.9956837
7.156543
6.92014
6.9336076
6.92562
6.933297
7.047907
6.968267
6.9055834
6.927393
6.900238
6.9323516
6.9848275
6.9324627
6.9935155
7.0122466
6.915934
6.87715
6.7838993
6.9274898
7.02188
6.960077
6.8568196
6.84916
6.8739805
6.805909
7.0232105
6.976796
7.1620784
6.98554
7.0594335
7.1726813
7.117077
7.0843477
6.9840612
7.0516305
7.0818725
7.13322
7.2462
7.2531347
7.4447145
7.247702
7.385884
7.3881187
7.348054
7.3549848
7.3069606
7.295226
7.4084196
7.4072185
7.32407
7.134915
7.1402802
7.348753
7.326952
7.3860836
7.301414
7.352852
7.1397324
7.2567964
7.180417
7.384012
7.327613
7.320225
7.2698503
6.9508324
6.823451
7.064784
7.07481
7.0156984
6.9751663
6.999586
6.7916307
6.7020082
6.8624544
6.8348713
6.796733
6.8540964
6.777721
6.7045083
6.879064
6.880415
6.8754573
6.8202252
6.922157
6.867433
7.0032434
6.7499814
6.8869286
6.9590297
6.842789
6.899884
6.9315467
7.052388
6.875187
6.86619
6.810233
6.9693336
6.959054
7.0938783
6.8518467
7.052308
6.92883
6.8853545
7.1637826
7.0542946
7.0223475
7.0357895
7.285042
7.214948
7.3472357
7.0678525
7.321266
7.0774026
7.2450314
7.396983
7.3416286
7.5042806
7.4108496
7.3179936
7.410919
7.5764875
7.299331
7.4687552
7.461245
7.430969
7.2848434
7.4454074
7.517765
7.3309574
7.321741
7.371325
7.2399135
7.2431912
7.3046875
7.40035
7.382713
7.3304067
7.229532
7.231661
7.08255
7.166547
7.144628
7.038232
6.853929
6.86531
6.9836235
6.915767
6.892351
6.8772607
6.8882637
6.897458
6.9143004
6.869504
6.8018456
6.6990128
6.8974304
6.687386
6.816019
6.8357716
6.9671516
6.8479013
6.831818
6.9609303
6.790308
6.8586974
7.007166
6.839414
6.9313493
6.960084
7.0076756
6.854332
6.910554
6.945681
7.021123
6.9804773
6.8580484
6.986864
6.8923965
7.085464
7.085621
7.0001173
7.2122583
6.9292383
7.1801505
6.99615
7.229884
7.191236
7.1744103
7.049996
7.0670495
7.0812387
7.101828
7.405813
7.3401427
7.3389125
7.335066
7.352516
7.3698997
7.4313784
7.168217
7.216304
7.284224
7.242711
7.2976785
7.2234974
7.2528563
7.1331797
7.3755927
7.044983
7.1768804
7.1144896
7.1324134
7.196103
7.2424445
7.1254306
7.025283
7.05789
7.209339
6.9709334
7.018936
7.0476594
6.957134
7.0678835
7.0342693
6.897909
6.89004
6.854302
6.8382363
6.734707
6.906773
6.786427
6.9848957
6.7337027
6.917363
6.8604856
6.877797
6.8685894
7.1750836
7.200717
7.160557
7.059591
6.8478794
6.562827
6.460951
6.6084805
6.605036
6.191396
6.0069246
5.680371
5.3307385
5.4387054
3.4484925
3.4845924
3.0381894
3.4955802
3.5747664
3.420485
3.8107343
3.1681218
3.0480442
3.2284276
3.6463602
2.6124406
3.9351163
2.827462
3.6582463
3.6046433
3.1843364
2.9452875
3.3983774
2.8372738
2.9995263
3.4071286
3.022771
4.3489
4.046683
4.015172
3.7188294
3.9521894
3.6513972
3.0566173
3.1903236
3.7524388
5.3245144
5.962281
5.867547
5.577263
5.3780823
5.3419952
5.6991453
5.826927
6.453947
6.7900043
6.9649425
6.7122493
6.7774053
6.958341
6.9046082
6.8560743
6.999879
7.0948763
6.7282963
7.039
7.038483
7.1685414
6.785719
7.181643
7.1667647
7.0465145
7.0879235
7.1541004
7.0399237
7.2019463
7.1622186
7.1532235
7.182151
7.055574
7.1430182
7.1743464
6.9285507
7.1145678
6.990157
6.995141
6.9012733
7.1053576
7.219596
7.110079
7.2789197
7.315785
7.392002
7.1140094
7.4529104
7.3145566
7.4482255
7.4164014
7.2423177
7.5700493
7.498904
7.590028
7.6095195
7.5738325
7.5038414
7.615346
7.544976
7.4399996
7.5571184
7.5061207
7.5911837
7.4937615
7.540889
7.4999046
7.5694337
7.63245
7.5254245
7.4083896
7.356535
7.436479
7.369899
7.3580713
7.4812326
7.2604003
7.475773
7.195439
7.225789
7.2450614
7.422982
7.277069
7.2764416
7.275889
7.3016224
7.2909737
7.4067597
7.374262
7.325363
7.237245
7.297384
7.4463897
7.4945517
7.542555
7.3652854
7.6337843
7.4063916
7.514828
7.4294024
7.555658
7.5697794
7.4551167
7.477633
7.553157
7.468969
7.4670753
7.5667224
7.492864
7.648321
7.5767317
7.649084
7.648044
7.76361
7.739576
7.745746
7.8378925
7.8117933
7.6938286
7.7692046
7.630647
7.6800475
7.631077
7.628255
7.374842
7.338631
7.6589684
7.5294704
7.356463
7.3878803
7.3212805
7.4150925
7.5113945
7.4960375
7.2126756
7.3969083
7.246696
7.345495
7.2159634
7.3873057
7.3267984
7.077002
7.4626937
7.3342175
7.470937
7.2656784
7.376099
7.3469176
7.4384065
7.4298954
7.242287
7.386505
7.2245145
7.2813783
7.3682995
7.3513136
7.4176197
7.4328756
7.537319
7.4746623
7.5040407
7.4667344
7.607902
7.5869217
7.5155993
7.499618
7.6648664
7.7100444
7.8679843
7.730618
7.783965
7.744403
7.83164
7.830229
7.7209287
7.785521
7.7874174
7.6742654
7.604779
7.511938
7.3834925
7.6714883
7.5512447
7.581741
7.702819
7.513128
7.6253285
7.414154
7.367804
7.4635143
7.21582
7.3486753
7.232086
7.236701
7.1985674
7.2679205
7.2635407
7.240722
7.447735
7.4514503
7.585472
7.303041
7.3538055
7.4298935
7.5481625
7.5671415
7.6041074
7.4537973
7.732256
7.636562
7.7397966
7.761079
7.730083
7.8035307
7.666365
7.6447473
7.63985
7.6952577
7.774921
7.9201975
7.802018
7.794653
7.79264
7.703146
7.747018
7.6634927
7.6422625
7.61213
7.6441197
7.5774746
7.6034303
7.461521
7.55188
7.463271
7.533271
7.4791217
7.3612385
7.3877807
7.548476
7.343149
7.500449
7.47778
7.285176
7.484881
7.4640017
7.33412
7.4768705
7.3172183
7.297754
7.5091147
7.445413
7.3917866
7.579546
7.7708397
7.6071496
7.8377137
7.6679077
7.7372284
7.7505255
7.868206
7.7873545
7.8667536
7.8531194
7.957273
7.8673086
7.9149227
7.7464476
7.6784477
7.7731085
7.7535563
7.475156
7.6642265
7.558755
7.6232333
7.6270523
7.419755
7.523168
7.4390693
7.431796
7.328378
7.479017
7.666739
7.3988605
7.5442863
7.562495
7.389225
7.432069
7.3714914
7.6347394
7.4300117
7.3122916
7.289522
7.2916207
7.593924
7.4067554
7.574651
7.6756744
7.6682787
7.614396
7.6849484
7.7798133
7.938551
7.892168
8.0100355
7.923335
7.8882036
7.882379
7.823247
7.874656
7.9965982
7.9584546
7.9473267
7.786669
7.754069
7.819426
7.6919537
7.7108064
7.605156
7.4000387
7.357212
7.44662
7.498634
7.3195148
7.256738
7.329247
7.34941
7.249719
7.3641434
7.333135
7.5511065
7.1827846
7.427801
7.419934
7.3320026
7.258547
7.563071
7.4858675
7.6369696
7.6337166
7.6808276
7.552248
7.689892
7.642995
7.541869
7.845666
7.6644936
7.5844727
7.5774484
7.5881824
7.599044
7.6925383
7.568964
7.699593
7.551512
7.4274063
7.2011323
7.2330337
7.1000943
7.0607944
6.8917837
7.0928116
7.1103363
7.0944777
7.0249944
7.026375
7.1096587
7.1044555
6.978725
7.2235026
7.075404
7.3705688
7.201541
7.325223
7.351763
7.3730474
7.4916444
7.4389935
7.5316896
7.487102
7.2706203
7.5580425
7.422595
7.632494
7.6766367
7.599395
7.7308893
7.5142126
7.490414
7.4821568
7.8362503
7.5775084
7.473197
7.445675
7.2389097
7.4954605
7.170702
7.055084
7.166504
7.1072655
6.8727894
7.296302
7.0133142
6.6647844
6.94655
7.0569735
6.989013
6.8770976
6.8710494
6.9593973
6.9324617
6.9754014
6.972095
7.0985813
7.0477805
7.394017
7.219175
7.410291
7.1507015
7.553805
7.3024807
7.6424065
7.532931
7.5003047
7.5494137
7.8778424
7.046114
7.292944
7.3077407
7.1542635
7.327157
7.171075
6.9914846
7.0043736
6.9703655
7.0674324
7.2208214
6.9607096
7.0267577
7.1435957
6.6952124
6.8811193
7.0981216
7.0389276
6.8512325
6.7394867
7.006213
6.8944373
6.777023
7.15342
6.864923
7.126227
7.050997
6.6746016
6.9321413
6.947605
7.0520406
7.2202044
7.362048
7.421083
7.2925854
7.453449
7.3328514
7.2743926
7.5261106
7.2093906
7.143529
7.3956866
7.370583
7.4698725
7.081378
7.1805916
7.148588
7.2696652
7.075041
7.1041727
7.1106305
6.8673882
7.0221915
6.7122517
6.663913
6.566966
6.801546
6.738375
6.719744
6.758939
6.7285366
6.6726055
6.794316
6.5654488
6.787754
6.9366355
6.9464417
6.902812
7.1477337
7.252841
7.1246758
7.009204
7.3137693
7.381535
7.1355
7.132394
7.115196
7.2109294
6.8362436
6.7312355
6.88394
6.876582
6.779897
6.7280474
6.8960643
6.590704
6.552781
6.556425
6.6581044
6.6089706
6.3439317
6.3790026
6.314254
6.549976
6.583452
6.386492
6.540964
6.62004
6.6176105
6.6701803
6.7548523
6.684416
6.8108525
6.8088784
6.810166
6.9175797
6.96783
7.066285
6.611732
6.677705
6.693902
6.5497155
6.549846
6.661864
6.806963
6.6024475
6.6402054
6.7270327
6.508783
6.307908
6.411922
6.4096136
6.328777
6.2695365
6.2141676
6.304978
6.145288
6.129756
6.1709237
6.1107965
6.2542543
6.286872
6.057428
6.4803348
6.310137
6.021372
6.286539
6.0378547
6.212926
6.110858
6.1222067
6.2891145
6.227215
6.055055
6.247257
6.402091
6.233384
6.3439097
6.302626
6.438153
6.1569967
6.1861076
6.1741076
6.097752
6.2039948
6.261058
6.399615
6.3423924
6.266526
6.3049736
6.107788
6.2237234
6.1441994
6.1908765
6.2792025
5.990507
6.0903254
6.0716734
5.811315
5.867604
5.9149294
5.989687
5.9070816
5.911302
5.835744
5.723677
5.941779
5.9584966
5.7604933
6.016603
5.784518
5.7302566
6.0474777
5.830224
5.674737
6.3111553
6.1419587
6.0623755
6.054981
6.231027
6.0295568
6.2916594
6.0897613
6.1443787
6.0486736
5.959845
6.24294
6.2325525
6.238779
6.345032
6.5322666
6.2920337
6.1783285
6.275036
6.2865424
6.45346
6.438205
6.485073
6.4671006
6.495742
6.501534
6.470663
6.4215817
6.4378724
6.381518
6.494951
6.3880124
6.341256
6.5298357
6.445635
6.427311
6.487776
6.349181
6.5085917
6.3482714
6.652205
6.421044
6.458049
6.4658804
6.445293
6.5107927
6.3922415
6.416094
6.38369
6.1715083
6.158269
6.220255
6.291476
6.5949974
6.40088
6.4085364
6.4889627
6.6173744
6.59512
6.53613
6.5064316
6.696529
6.3777266
6.5111146
6.3128457
6.4878902
6.390388
6.2825465
6.3306766
6.2680063
6.666082
6.7074003
6.6073766
6.647746
6.69206
6.6734796
6.531264
6.7555995
6.695694
6.5879674
6.7234516
6.8523154
6.599283
6.870335
6.606908
6.8690953
6.5254827
6.76224
6.5343385
6.778988
6.2381716
6.3649592
6.7258534
6.380954
6.6404767
6.3002687
6.449914
6.3559484
6.3695636
6.386002
6.6152277
6.4379787
6.7290163
6.550804
6.517251
6.4876513
6.2078195
6.6593475
6.5685396
6.6601515
6.910811
6.7306223
6.6967974
6.8310833
6.8379374
6.763957
6.932543
6.808717
6.8471265
6.89898
6.6814003
6.84337
6.7608657
6.8535357
6.8626847
6.9030175
6.8459706
6.778985
6.772973
6.6787677
6.7536564
6.663625
6.581011
6.6409407
6.547983
6.7653174
6.9789276
6.884894
7.144617
7.060511
6.9245715
6.7034407
6.74586
6.684445
6.6559863
6.8447948
6.8027334
6.9461555
6.62669
6.931593
6.9019575
6.8492746
6.5329146
6.5981507
6.440989
6.649641
6.7720733
6.60395
6.641866
6.632646
6.412799
6.5349565
6.4625845
6.3660765
6.372366
6.119666
6.0959044
5.7589474
5.891978
6.1005707
6.0510783
6.278984
5.9313607
6.0391655
6.062478
6.1304064
6.162914
5.9161973
6.229148
6.1491055
6.0886135
6.034001
5.9372406
6.064581
6.0209084
6.021029
5.9671144
5.985174
6.0271816
6.0211515
6.158141
6.0478206
6.3192897
6.011752
6.2561374
6.1149325
6.220649
6.127969
6.0815277
6.1399775
6.0051637
6.072543
6.20386
6.0803924
6.1313496
5.9997277
5.9799466
5.9813824
5.9717407
5.9230337
6.0480227
5.9977646
6.0350075
5.872467
5.925569
5.8894053
5.9541306
5.8535447
5.927056
5.771013
5.888843
5.7686443
5.651233
5.8010025
5.877722
5.7885556
5.778254
5.9080515
5.678015
5.8486795
5.9024725
5.742889
5.9075565
5.904803
5.9723496
5.987769
5.913982
5.749625
5.660706
5.8233676
6.043825
5.8694725
5.9101834
5.842849
5.835695
5.9827976
6.0754213
5.9158993
5.9939165
6.000403
6.10794
5.9866724
5.7336683
5.821794
6.014298
6.0523257
5.8816795
6.10779
6.0576334
6.124672
6.047072
5.9808283
5.921712
6.1004815
5.885845
5.8788238
5.837554
6.0723386
5.815354
6.118749
5.8085194
6.0119276
5.9747114
5.8907337
5.8827353
6.005131
5.9638734
5.6111126
6.146306
6.1552963
5.932377
6.0080194
6.141724
6.108974
5.984148
5.903679
5.853427
6.117203
6.0391
5.8789177
6.003474
6.084562
5.970288
6.044032
5.811534
6.205811
5.8664465
6.0540504
5.800921
5.8372602
5.7481737
5.6705236
5.7206893
5.846833
5.7954307
6.1108203
5.908151
5.7864347
5.597717
5.828431
5.6888533
5.80992
5.901068
5.7198353
5.917155
5.906784
5.9890985
6.0962048
5.691299
5.905819
5.7843623
5.591851
5.615157
5.7222314
5.726941
5.6440086
5.646413
5.7499466
5.527944
5.2467804
5.548874
5.2767763
5.5842824
5.570225
5.2980494
5.4816675
5.1352463
5.790827
5.2191844
5.4856057
5.39369
5.473728
5.4559803
5.5796733
5.5172853
5.535168
5.178165
5.656257
5.405807
5.475557
5.5408
5.4888387
5.4928107
5.665694
5.5499053
5.5962477
5.476186
5.6115007
5.3503294
5.584074
5.494002
5.411892
5.2703815
5.5842834
5.617688
5.329595
5.389234
5.282665
5.2008142
5.4245496
5.419664
5.436986
5.4807773
5.1388555
5.4865055
5.4028263
5.390512
5.36476
5.131196
5.413565
5.471134
5.281806
5.3979745
5.5274963
5.481622
5.4546566
5.222728
5.8983016
5.6635923
5.685109
5.5393753
5.3943944
5.588116
5.72399
5.4156656
5.4743023
5.899543
5.5352144
5.632209
5.298528
5.606862
5.4814644
5.6445436
5.396385
5.393749
5.4954224
5.5301514
5.6560154
5.4169383
5.484882
5.5626073
5.471738
5.484087
5.4576902
5.321874
5.454006
5.410944
5.4219065
5.4023557
5.305396
5.163719
5.151123
5.325319
5.312751
5.330063
5.369295
5.377783
5.489106
5.2830353
5.4481745
5.2062984
5.332444
5.2380524
5.4773855
5.3106785
5.305035
5.2495203
5.2338395
5.307442
5.171859
5.213719
5.283198
5.346176
5.179559
5.110696
5.048972
5.2034974
5.2894096
5.2971573
5.1612434
5.232764
