10000
9.851137
9.834766
9.782599
9.812405
9.761914
9.796153
9.769943
9.749743
9.728018
9.62072
9.579968
9.557968
9.542389
9.457878
9.483251
9.416344
9.435957
9.337912
9.245485
9.212648
9.223405
9.252908
9.129717
9.022008
9.120184
9.0864525
9.110327
9.0161495
8.935708
8.921913
8.812973
8.815264
8.709947
8.710626
8.612613
8.611838
8.503705
8.385309
8.297818
8.352649
8.370876
8.2004795
8.099696
8.055511
8.045299
7.891272
7.7724805
7.8147793
7.615676
7.538988
7.275063
7.4940786
7.3265996
7.1528726
7.0724626
7.0072923
6.989936
6.8531337
6.9441466
6.9551315
7.0372324
7.0034447
6.9390793
6.7843485
6.945075
6.8482227
6.8268523
6.851306
6.8888526
6.957365
6.9360986
7.0075636
6.957744
6.948209
6.9973364
6.9781656
7.1082115
6.991316
7.0609126
6.7981353
7.050455
6.8970003
6.978985
6.8521533
7.004354
6.8453555
6.902952
7.026513
6.9575458
6.9584937
6.9730144
7.231437
7.405394
7.3997707
7.4907074
7.562598
7.5878134
7.8347588
7.949037
8.242759
8.159434
8.207591
8.182029
8.038648
8.08807
8.238558
8.300396
8.274792
8.231157
8.502648
8.402313
8.329925
8.299692
8.227012
8.177339
8.122087
8.115588
8.1922245
8.135281
8.112402
8.0527935
7.9743886
7.9109716
8.049882
7.981888
7.9754405
7.9833946
7.9042044
7.8552003
7.78082
7.7483807
7.6529627
7.595667
7.6487765
7.5629716
7.586228
7.50424
7.6164618
7.56009
7.563169
7.609314
7.5907784
7.550301
7.566706
7.5004196
7.580292
7.528427
7.5580277
7.609461
7.5432463
7.503538
7.6096573
7.49375
7.49506
7.416785
7.4121504
7.393703
7.4151974
7.2809095
7.3273287
7.372445
7.336855
7.2995834
7.3935304
7.32115
7.2612042
7.2610583
7.340756
7.3543015
7.3380084
7.3717337
7.398901
7.508573
7.538267
7.3181987
7.3887157
7.3032146
7.2736764
7.316769
7.265762
7.1667333
7.127184
7.114278
7.1241508
7.0333734
7.105095
7.1026506
7.0871663
7.121438
7.012429
7.185803
7.0506225
7.0187244
6.9175816
6.8718376
6.794256
6.7783675
6.673889
6.5295076
6.885119
6.598226
6.696674
6.555719
6.569548
6.558917
6.3650427
6.36687
6.412646
6.3875523
6.2515125
6.3362036
6.25565
6.5286694
6.4319797
6.5967426
6.223611
6.461956
6.6041636
6.6277046
6.694868
6.503494
6.658503
6.5326786
6.8279004
6.6969786
6.725003
6.4850445
6.794491
6.592379
6.7727346
6.7345138
6.692289
6.658492
6.6734343
6.7085576
6.6976852
6.627769
6.560336
6.6720605
6.705097
6.5682945
6.6425366
6.454467
6.7423725
6.634688
6.8504295
6.4775248
6.860688
6.7910137
6.7334175
6.7401924
6.366429
6.659014
6.549228
6.5555234
6.505156
6.6030803
6.5631
6.7550616
6.7437506
6.555622
6.5062633
6.6864023
6.6143723
6.7168493
6.63663
6.5950265
6.7601643
6.790248
6.6321087
6.7011895
6.6817975
6.6338825
6.569307
6.6790886
6.4680834
6.616705
6.8186235
6.6834383
6.58414
6.7322364
6.7244625
6.664758
6.6466265
6.5365286
6.634454
6.5120063
6.7011695
6.692739
6.608181
6.5613623
6.568243
6.4549727
6.4396577
6.636961
6.2819924
6.429124
6.507171
6.317816
6.4280076
6.2584987
6.343719
6.451196
6.15812
6.3111763
6.1801333
6.5182247
6.4248333
6.426107
6.380328
6.405952
6.5189886
6.4739823
6.3786926
6.5364685
6.5990505
6.6089573
6.2312565
6.67767
6.4755235
6.562091
6.454318
6.562215
6.3686323
6.61648
6.55165
6.536045
6.4560146
6.5062647
6.441706
6.546832
6.3598585
6.5755334
6.2868004
6.520904
6.3057857
6.5191393
6.528515
6.356473
6.4044404
6.428105
6.502173
6.4454875
6.3732553
6.28817
6.2879653
6.359145
6.379868
6.367891
6.312513
6.438939
6.3514977
6.3556366
6.2002525
6.4671655
6.458406
6.4940786
6.5378437
6.6110306
6.5196695
6.52455
6.5961432
6.5966673
6.674217
6.921746
6.8479156
6.8743234
6.814503
6.8872247
6.8603697
6.845896
6.8879533
6.911027
6.941843
7.126245
6.9443407
7.115904
6.9473104
7.0131726
6.8575535
6.905281
6.9326096
6.9549694
6.8364196
6.7979107
6.9139347
6.966111
6.850078
6.891142
6.802238
6.8075557
6.800099
6.7040167
6.6800704
6.588518
6.6320515
6.7631526
6.7644434
6.702672
6.675187
6.7787814
6.5863295
6.694194
6.6625776
6.6636314
6.4949813
6.5989566
6.6477737
6.529649
6.5589604
6.6558146
6.5733337
6.6678314
6.7061315
6.700575
6.7708817
6.736641
6.6336293
6.6829634
6.6513557
6.828012
6.587133
6.79098
6.6086416
6.6562243
6.658313
6.767268
6.6020794
6.645547
6.7299056
6.7892566
6.6395535
6.7972264
6.89511
6.8193603
6.7155356
6.6345506
6.7005525
7.011129
6.8884025
6.8154783
6.8720427
6.9658647
6.829153
6.8885717
6.9413204
7.011171
6.936378
7.134065
7.02403
6.900437
6.81114
6.8892727
6.907706
6.717273
6.7968245
6.928893
6.886945
6.88231
6.901615
6.853017
6.985055
6.774981
7.01495
6.8165946
6.842286
6.8968
6.7188826
6.937818
6.779311
6.658255
6.9053993
6.925022
6.7462673
6.8247747
6.8514986
6.842296
7.0558987
6.7643857
6.861896
6.81769
6.936263
6.71605
6.9345417
6.819237
6.955823
6.898038
6.9712033
6.967694
6.903756
7.059668
7.023032
6.948045
7.0922103
7.0309687
7.1724153
7.2883897
7.0069532
7.408155
7.302298
7.2692003
7.2283087
7.324692
7.18454
7.27919
7.1788197
7.396044
7.3781743
7.454357
7.415466
7.4337983
7.3434105
7.1625967
7.20664
7.114869
7.3481445
7.388715
7.4046226
7.2389197
7.1460986
7.205413
7.38326
7.123315
7.152998
7.1410503
7.103904
6.927342
6.9893465
6.9872065
6.9830728
7.0003257
7.0524387
6.9956837
7.156543
6.92014
6.9336076
6.92562
6.933297
7.047907
6.968267
6.9055834
6.927393
6.900238
6.9323516
6.9848275
6.9324627
6.9935155
7.0122466
6.915934
6.87715
6.7838993
6.9274898
7.02188
6.960077
6.8568196
6.84916
6.8739805
6.805909
7.0232105
6.976796
7.1620784
6.98554
7.0594335
7.1726813
7.117077
7.0843477
6.9840612
7.0516305
7.0818725
7.13322
7.2462
7.2531347
7.4447145
7.247702
7.385884
7.3881187
7.348054
7.3549848
7.3069606
7.295226
7.4084196
7.4072185
7.32407
7.134915
7.1402802
7.348753
7.326952
7.3860836
7.301414
7.352852
7.1397324
7.2567964
7.180417
7.384012
7.327613
7.320225
7.2698503
6.9508324
6.823451
7.064784
7.07481
7.0156984
6.9751663
6.999586
6.7916307
6.7020082
6.8624544
6.8348713
6.796733
6.8540964
6.777721
6.7045083
6.879064
6.880415
6.8754573
6.8202252
6.922157
6.867433
7.0032434
6.7499814
6.8869286
6.9590297
6.842789
6.899884
6.9315467
7.052388
6.875187
6.86619
6.810233
6.9693336
6.959054
7.0938783
6.8518467
7.052308
6.92883
6.8853545
7.1637826
7.0542946
7.0223475
7.0357895
7.285042
7.214948
7.3472357
7.0678525
7.321266
7.0774026
7.2450314
7.396983
7.3416286
7.5042806
7.4108496
7.3179936
7.410919
7.5764875
7.299331
7.4687552
7.461245
7.430969
7.2848434
7.4454074
7.517765
7.3309574
7.321741
7.371325
7.2399135
7.2431912
7.3046875
7.40035
7.382713
7.3304067
7.229532
7.231661
7.08255
7.166547
7.144628
7.038232
6.853929
6.86531
6.9836235
6.915767
6.892351
6.8772607
6.8882637
6.897458
6.9143004
6.869504
6.8018456
6.6990128
6.8974304
6.687386
6.816019
6.8357716
6.9671516
6.8479013
6.831818
6.9609303
6.790308
6.8586974
7.007166
6.839414
6.9313493
6.960084
7.0076756
6.854332
6.910554
6.945681
7.021123
6.9804773
6.8580484
6.986864
6.8923965
7.085464
7.085621
7.0001173
7.2122583
6.9292383
7.1801505
6.99615
7.229884
7.191236
7.1744103
7.049996
7.0670495
7.0812387
7.101828
7.405813
7.3401427
7.3389125
7.335066
7.352516
7.3698997
7.4313784
7.168217
7.216304
7.284224
7.242711
7.2976785
7.2234974
7.2528563
7.1331797
7.3755927
7.044983
7.1768804
7.1144896
7.1324134
7.196103
7.2424445
7.1254306
7.025283
7.05789
7.209339
6.9709334
7.018936
7.0476594
6.957134
7.0678835
7.0342693
6.897909
6.89004
6.854302
6.8382363
6.734707
6.906773
6.786427
6.9848957
6.7337027
6.917363
6.8604856
6.877797
6.8685894
7.1750836
7.200717
7.160557
7.059591
6.8478794
6.562827
6.460951
6.6084805
6.605036
6.191396
6.0069246
2.520628
5.1018157
2.8854918
3.4474492
2.8805406
3.5022535
3.32772
2.7265625
2.8923995
3.4437044
3.3897119
2.7455256
2.9186316
3.1482818
2.7097573
2.9857764
3.0504737
3.6164236
2.049109
2.774029
3.9077342
3.2740123
2.8627262
2.6091986
2.9572291
2.6084337
2.838085
2.7250743
2.288529
2.7962208
2.5630536
2.8395364
3.1026132
3.1497676
2.371099
2.6990175
2.9536953
3.6700864
2.738968
3.008446
2.1950593
5.66539
2.510578
2.969872
3.0571992
2.4585063
3.0193365
2.8313503
3.7255933
2.438022
3.1945722
2.9510636
2.7076757
3.6138024
3.1689894
2.819033
3.035954
3.3189125
3.18659
3.1234066
3.4015725
2.880486
3.6433225
3.0533156
3.2111602
3.3680665
3.378202
2.2366774
3.3949676
3.1369958
3.3909435
3.0857987
3.3994143
3.9066234
2.6665168
2.6367133
2.7140362
2.7415087
2.541745
3.400608
2.6788628
2.4007368
2.8089802
3.075832
3.4998906
3.0471354
2.0360346
3.1937757
2.7839277
3.3927603
2.8983285
2.918013
2.5784602
2.920923
3.2663183
3.5853086
2.5986052
2.4925425
3.5896158
2.885391
2.6503263
2.9998302
7.340558
7.6379204
7.635889
7.5254245
7.399742
7.356535
7.436479
7.369899
7.51008
7.2915053
7.2604003
7.475773
7.195439
7.225789
7.2450614
7.422982
7.4474425
7.159127
7.2300425
7.3016224
7.3268647
7.4067597
7.3432193
7.378545
7.449943
7.297384
7.4463897
7.4945517
7.542555
7.3652854
7.6337843
7.4063916
7.514828
7.550539
7.555658
7.4823318
7.4551167
7.477633
7.553157
7.468969
7.4670753
7.5642886
7.4055185
7.648321
7.5767317
7.5507364
7.7176385
7.76361
7.739576
7.621965
7.842429
7.831431
7.7220306
7.7692046
7.669666
7.71835
7.631077
7.6013947
7.374842
7.338631
7.6802697
7.6764636
7.356463
7.449478
7.3212805
7.3945284
7.5113945
7.4960375
7.2126756
7.363915
7.246696
7.309514
7.2159634
7.3873057
7.3267984
7.232765
7.357083
7.3342175
7.470937
7.346294
7.289702
7.450119
7.2737494
7.3244796
7.242287
7.386505
7.2245145
7.2813783
7.475745
7.3237205
7.2686996
7.4328756
7.537319
7.4746623
7.51911
7.467513
7.607902
7.5869217
7.5155993
7.499618
7.6648664
7.7100444
7.8679843
7.730618
7.783965
7.744403
7.83164
7.795916
7.6926427
7.8974504
7.7535553
7.6742654
7.604779
7.5533338
7.3700323
7.6122537
7.666053
7.581741
7.6890693
7.541232
7.6244516
7.479802
7.4284368
7.5755997
7.2471104
7.3723416
7.3527765
7.36826
7.3767657
7.464113
7.439648
7.4436955
7.4458256
7.4600763
7.740263
7.308929
7.446232
7.400074
7.56478
7.618967
7.5687733
7.5538015
7.666405
7.7131443
7.8876185
7.7994223
7.9205356
7.6603937
7.673776
7.749002
7.74403
7.928708
7.826488
7.902365
7.7970304
7.8464193
7.79264
7.65452
7.8253026
7.6598244
7.6422625
7.61213
7.521139
7.7768593
7.6560516
7.6610136
7.6788416
7.5896916
7.618557
7.536935
7.371584
7.4310045
7.4697647
7.343149
7.500449
7.426893
7.249773
7.4495535
7.4016113
7.3625293
7.299765
7.3431
7.368842
7.5091147
7.445413
7.366319
7.3597927
7.701413
7.662641
7.7579393
7.6679077
7.7372284
7.7505255
7.868206
7.7873545
7.8667536
7.7822657
7.965221
7.9011993
7.904128
7.7097807
7.675693
7.807958
7.690618
7.516949
7.7024827
7.685393
7.53137
7.584354
7.5617523
7.41617
7.4228916
7.431796
7.3122125
7.461768
7.576373
7.3207483
7.4153366
7.4807453
7.3391027
7.3302426
7.3051324
7.5049353
7.3369627
7.2079625
7.289522
7.2916207
7.593924
7.4067554
7.574651
7.6756744
7.6682787
7.614396
7.6849484
7.7798133
7.938551
7.892168
8.0100355
7.923335
7.8882036
7.882379
7.823247
7.874656
7.9965982
7.84153
7.9181294
7.710181
7.754069
7.6574297
7.6919537
7.56305
7.4206223
7.4000387
7.357212
7.44662
7.410382
7.3195047
7.256738
7.329247
7.34941
7.249719
7.3641434
7.333135
7.5511065
7.1827846
7.427801
7.419934
7.3320026
7.258547
7.5417814
7.4978905
7.607827
7.6430006
7.527109
7.7245092
7.689892
7.726298
7.50722
7.688137
7.7133493
7.7748103
7.629832
7.622143
7.545991
7.6581745
7.4250827
7.578658
7.4647093
7.407736
7.4457393
7.0995655
7.234136
7.1483884
7.1964855
7.0655804
7.3621235
7.2871704
7.299968
7.0384774
7.08943
7.102315
6.9897823
7.2541213
7.1689005
7.399576
7.193149
7.363233
7.4493566
7.416931
7.6472936
7.544712
7.537638
7.4836817
7.249774
7.5999293
7.462554
7.730788
7.544788
7.7135196
7.7659163
7.4954424
7.67548
7.548603
7.6861606
7.582282
7.623739
7.3210793
7.1849
7.3163195
7.221018
7.1111817
7.4657826
7.2264776
6.9171343
7.052601
7.040716
6.66358
6.985362
6.9257994
6.764354
7.068928
7.1390686
6.971883
7.2820997
7.002002
7.2510257
7.186096
7.172711
7.1886473
7.3005147
7.1334143
7.24832
7.4348154
7.3040733
7.50826
7.4800057
7.366173
7.468216
7.6562366
7.124767
7.316588
7.487862
7.4254317
7.2688513
7.192894
7.1549673
7.2313766
6.996469
7.0921907
7.24695
6.962309
7.061432
6.984239
6.7244883
7.2092667
6.948912
7.1013064
7.09226
6.8079467
6.8904405
7.0962257
6.958502
7.15342
6.864923
7.2553706
7.116919
6.938677
6.9321413
6.947605
7.0520406
7.0037007
7.231845
7.342507
7.2925854
7.4447007
7.6558967
7.2743926
7.5261106
7.2344027
7.458408
7.3956866
7.423332
7.487725
7.1522045
7.251483
7.200447
7.286353
7.347032
7.1041727
7.1106305
6.9572487
6.70393
6.7122517
6.822604
6.8694644
6.801546
6.738375
6.719744
6.5525184
6.6629314
6.5788007
6.6428585
6.659205
6.8973813
7.0082927
6.9464417
7.0166774
7.0524364
7.0837383
7.0591106
6.9223638
7.1239495
7.0232253
7.12665
7.042688
7.034885
7.0386
6.8523936
6.808687
6.884065
6.8192725
6.730188
6.6284337
6.9658966
6.6782355
6.651882
6.439602
6.6425457
6.510225
6.3342466
6.490463
6.396467
6.543045
6.583452
6.386492
6.540964
6.577421
6.6027355
6.6701803
6.7548523
6.684416
6.9306564
6.8088784
6.921679
7.059169
6.96783
7.066285
6.611732
6.677705
6.897804
6.725116
6.7254424
6.5802507
6.620052
6.6024475
6.43352
6.766572
6.8133526
6.3611407
6.5051613
6.497518
6.462048
6.1604576
6.292723
6.216137
6.2430625
6.0501866
6.237771
6.266608
6.280559
6.285083
6.0950346
6.521803
6.1826077
6.0684566
6.3065763
6.101328
6.318692
6.1451917
6.201231
6.376226
6.269996
6.1221266
6.3305917
6.389983
6.3110375
6.3203893
6.468936
6.492078
6.2106347
6.3791347
6.2487817
6.1633244
6.2797985
6.307541
6.3627343
6.254807
6.1549425
6.196727
6.117601
6.2361603
6.1725593
6.1765532
6.285798
6.0363655
6.07129
6.1008883
5.92014
3.201851
3.1225846
5.152409
2.794784
3.443567
3.1759048
2.808409
3.1707761
2.9135642
3.5001917
2.998588
2.568333
2.6482606
3.2606633
2.9553504
3.6397789
2.4096797
2.6877427
3.0245175
2.4910834
3.334033
2.8975859
2.712133
3.7504027
4.967947
2.3476946
3.6665666
3.1998303
3.4626079
3.3526075
2.721941
3.3241518
5.2321672
3.1217816
2.7769396
2.676998
3.5743136
3.8227904
3.790377
2.5365767
5.093394
4.650199
3.3234718
2.7272391
3.267105
2.8230014
3.6223235
3.6716614
2.8802621
4.857503
3.6564603
3.5381308
2.2105322
3.8324776
3.4641335
3.19899
3.259179
3.475786
3.3306217
3.1285229
3.045489
2.9394207
3.1898754
3.0352411
3.404984
2.653343
2.942009
3.5605686
2.5665665
5.5899863
2.7623827
3.4192753
6.2132454
6.4361825
6.277957
6.244758
6.2874303
6.586667
6.27899
6.463738
6.450657
6.494074
6.664775
6.391621
6.3306766
6.2259927
6.6240993
6.443623
6.6917267
6.7437015
6.6342945
6.493479
6.5303555
6.51451
6.695694
6.397076
6.6160407
6.7977357
6.759101
6.7334704
6.734909
6.7607684
6.5591235
6.6176662
6.7668386
6.721497
6.536489
6.357593
6.6365876
6.391061
6.4308047
6.3002687
6.449914
6.3559484
6.361037
6.56421
6.6257267
6.580974
6.5863557
6.6211653
6.501527
6.578601
6.397665
6.6593475
6.5685396
6.591094
6.9437013
6.7306223
6.6967974
6.8310833
6.8379374
6.8068976
6.9059267
6.7960005
6.972396
6.7928057
6.8673
6.691668
6.692841
6.813706
6.6933675
6.9288545
6.7885675
6.773442
6.658231
6.614413
6.6849627
6.697234
6.590649
6.513661
6.528599
6.526594
6.886077
6.8207645
7.093633
6.878103
7.0474553
6.6364484
6.798914
6.799849
6.761974
6.8263173
6.9418025
6.896563
6.761176
6.712907
6.8732686
6.6205587
6.3564706
6.3865056
6.449879
6.645265
6.6627235
6.5769734
6.6762047
6.5888143
6.580198
6.5316796
6.3877516
6.2544518
6.2339664
6.0994763
2.9668355
3.6516876
3.273053
2.3855288
3.1113722
3.2006328
3.5612707
3.2153473
3.1949475
3.3489358
3.0465477
3.261348
2.7717376
3.6501904
2.1019776
3.2979956
4.031782
2.6698925
3.2571108
5.891223
3.1150327
2.5768607
3.153264
2.9298515
2.467927
3.8013883
2.241576
3.9524128
2.7634223
2.0089917
3.1163707
3.407651
3.256911
3.256859
2.540356
4.6433415
2.285361
2.6206
3.1909878
3.5054579
3.0095563
2.2451491
3.0999894
3.4900267
3.58636
2.8304555
3.081621
2.407252
2.836625
3.9725018
2.41403
2.67573
2.8892188
2.9633684
2.7275717
3.1593556
2.2588332
4.296018
4.527146
2.433312
4.3762465
2.8622532
3.1623955
3.0380733
2.5227273
2.755493
4.2139077
3.0593536
2.9320364
2.6531448
3.33391
3.0966623
2.3709083
4.47672
1.6349683
2.9712515
3.2021537
2.031101
3.545535
2.8387454
3.1456063
5.9079337
3.9166281
2.5659285
3.715051
2.7237062
3.58275
3.3181267
1.9076995
3.034081
4.384553
3.2659554
3.4253726
2.5095127
3.2861576
3.0822213
2.4304776
3.3510747
3.2661815
3.4991841
2.9103668
3.955162
2.4116127
2.7209527
3.2010005
3.2473912
3.3232317
5.6999545
3.4634728
3.4754937
3.394716
3.5003388
3.445677
4.2654076
2.938557
3.6484227
6.2086654
6.13062
5.9922395
6.0265617
2.522398
3.4198706
5.528709
3.1581957
3.1263497
3.0202355
4.70603
3.3580015
3.1114647
4.4042034
2.920374
3.5998433
3.3625414
3.2555635
2.9952428
2.400002
3.5733
2.4254258
3.0629401
2.6508715
3.1925092
2.8615427
2.5386677
4.1178026
2.272293
2.9603026
4.3612103
3.5485024
3.054251
2.7966967
2.6257076
2.2444682
3.1503806
2.6908038
2.9893472
3.3008308
3.156881
2.9256265
3.0338395
2.011736
3.03319
2.7963173
3.7425182
3.2078104
4.2597623
2.9934702
3.0822754
4.2469754
3.1034944
2.6505668
3.2607462
2.2248595
3.1166205
2.5538213
3.412232
2.2683618
2.7847838
1.784719
2.786604
3.1332762
3.1016452
3.0980282
2.7706165
3.291676
3.278571
2.3652022
2.0451293
3.3254313
3.4220715
3.4511392
2.241882
2.5133388
2.9305854
2.3260534
2.6838593
2.8290386
2.1357496
2.2567923
2.5805104
2.9525962
3.0679584
2.5479193
2.262026
2.8520632
1.8106619
2.4140444
2.942843
1.8465221
2.7528641
3.0015142
2.7371187
2.432902
2.0710492
3.477277
4.38366
3.5116682
3.967012
2.4692166
2.71536
3.7438571
2.66636
2.7532809
2.9932675
2.7140381
3.4990726
2.5310235
3.0785651
2.7332218
3.6061037
2.5104494
3.8888457
2.3967087
2.7530692
3.3940277
2.496918
2.8067706
2.1054296
3.2300515
2.0589008
2.140545
2.853299
3.593349
2.362408
2.9958992
3.5781333
2.2539413
2.213955
3.119849
1.6626545
3.216311
3.3944724
3.1682029
0.9391025
3.149695
2.8435001
2.903826
3.4261272
2.3977516
3.1502218
3.2356071
2.7707393
2.7066216
2.852099
2.3769836
3.1952143
2.443292
2.9743135
3.5742283
2.2184463
3.0254118
3.2854607
2.0853996
3.5245857
2.198696
2.7876036
3.1439378
2.6103232
3.6800034
3.475881
2.7186894
3.9680037
3.1260557
2.6944551
2.1549928
2.9763534
