10000
9.851137
9.834766
9.782599
9.812405
9.761914
9.796153
9.769943
9.749743
9.728018
9.62072
9.579968
9.557968
9.542389
9.457878
9.483251
9.416344
9.435957
9.337912
9.245485
9.212648
9.223405
9.252908
9.129717
9.022008
9.120184
9.0864525
9.110327
9.0161495
8.935708
8.921913
8.812973
8.815264
8.709947
8.710626
8.612613
8.611838
8.503705
8.385309
8.297818
8.352649
8.370876
8.2004795
8.099696
8.055511
8.045299
7.891272
7.7724805
7.8147793
7.615676
7.538988
7.275063
7.4940786
7.3265996
7.1528726
7.0724626
7.0072923
6.989936
4.7643957
2.9518983
6.7992296
3.1424887
7.020435
6.9419785
6.1226606
2.9771912
2.794745
2.9998562
4.0223846
3.0769966
2.9067264
2.6671176
6.7981153
2.7952833
5.303059
2.8178566
6.5866055
3.0692806
6.8229837
3.2648623
4.694943
3.3075285
3.3738787
3.2904239
2.4875088
2.6079872
2.6209257
3.3657002
6.486621
2.591707
3.3864515
2.604908
3.3396835
6.386904
6.357609
3.0969331
3.3761027
3.2299182
3.0908606
2.4497583
5.6181173
3.3991718
6.1069655
3.3919735
3.6259656
3.7755675
4.4796295
5.3047743
2.7182653
5.74432
5.6092987
6.2355785
3.0873322
5.8626113
2.5524085
3.8684852
6.0443525
3.069527
3.5361068
2.806621
3.1196864
2.7176323
6.0758147
2.8910346
5.690386
3.199036
3.9839911
3.1401367
2.77608
3.1399758
5.461299
2.7089093
2.597141
5.6440954
3.7341905
5.614137
5.4567475
2.7224708
5.3670564
5.0563226
5.2804437
5.5392265
3.5287178
3.95037
3.522236
2.6128614
2.7178693
5.0387807
4.6083374
5.1791277
3.1709309
2.8502707
4.750558
3.4755983
2.6113076
2.694314
3.5648415
4.0245337
4.6351447
4.685568
3.1440394
3.8173947
2.873829
3.7336817
2.560973
4.7976856
4.7035646
3.0513437
3.0083873
2.5528438
4.6847806
4.03086
3.8938496
3.6537235
2.68258
3.9548004
3.178602
3.4121127
4.2230124
3.8572028
2.5724964
3.8468213
4.3698287
3.7040951
2.4504669
3.3078504
2.5863698
3.938849
3.05459
2.618867
3.1741822
2.4086752
4.2460876
4.326661
4.343281
4.125677
3.8114607
4.116217
4.0545435
3.9172995
4.1112933
2.3987167
3.4192805
3.9295585
4.031065
3.0832307
3.1174061
2.9600956
2.9144187
2.696012
2.8365455
2.8339286
3.7460344
2.7246442
2.8002505
2.9739962
2.8700473
3.000082
3.002264
2.718676
2.952309
2.652269
2.8406742
2.682147
3.2986097
2.318337
2.7989233
2.8319588
2.8330998
3.3454485
2.7493856
3.0816898
2.8887682
2.7811742
2.870975
3.1964564
3.199409
2.8676746
3.3881776
2.743445
3.2218509
2.933944
2.9942503
2.7649813
3.1125782
3.1864367
3.4418402
3.5559907
3.3649187
3.0592685
3.9269927
3.2449543
3.8169594
2.8716874
3.0310688
2.6033757
3.2806275
3.9742694
2.8134768
3.0245345
2.2854285
2.6971974
4.1540303
2.9271617
3.8828876
3.0655723
3.9631348
2.6836226
2.532564
4.315312
4.0057745
2.8658345
3.151589
2.7066987
2.8669393
3.0474088
2.5055313
2.76284
3.9027522
2.6663563
4.010956
2.7177286
2.7287364
3.8018072
3.8694506
2.72277
3.9236856
3.1115427
3.066639
3.8841987
3.6473956
3.0549693
3.0178573
3.4664133
2.9402
2.9661648
3.02304
3.166772
3.0689936
2.4106443
3.2217548
2.4943676
2.6968398
2.669036
3.1249428
2.225718
3.558372
3.3903658
2.9858532
3.01661
2.9170728
2.7403505
2.8469248
2.8377938
2.9063044
3.481283
2.8782392
2.6690452
2.785421
3.4650311
3.20575
2.8283587
2.6914067
2.7304773
3.0711055
2.6953893
2.529347
2.8196275
2.9222333
3.7153738
2.615931
2.9852328
2.710654
2.570985
3.3612194
2.5145004
3.2285142
3.129778
2.4209101
3.7851539
2.9091887
3.4376526
2.576569
3.6298459
2.4502187
3.846345
1.9963437
2.4508643
2.5742764
3.040446
3.5279326
2.8885348
3.3900952
3.093156
2.5620954
2.6795342
3.0107977
3.0894303
3.0141084
3.232637
2.6461642
2.8211274
2.9589856
2.2934742
3.0046954
2.6012483
2.959298
2.8455122
2.5598552
2.6308246
2.5294762
2.7565644
2.945557
3.0459855
3.1242666
2.5922358
2.8322318
3.2059247
2.9201224
3.3041835
2.9358943
3.4597132
3.4489043
3.4284515
3.3268478
3.0916717
3.2440133
3.348373
2.8483157
2.7462811
3.4660437
2.930388
3.359861
3.2557995
3.2678566
2.3896596
3.5944252
2.9035287
2.894984
2.627538
3.3948152
2.5258958
3.5489645
3.4061604
2.6218996
3.4780881
3.7027814
3.404336
3.5050144
3.7919827
3.1141815
3.7915614
2.4039457
2.477806
3.8823304
3.6342962
3.6088998
3.806886
2.9224126
3.4771197
3.3997064
2.3341174
3.5252295
3.72956
3.4726987
3.5902448
2.48887
3.424466
2.7480855
2.601362
3.427339
3.512203
3.7959294
3.4920123
2.5929358
3.339445
2.8130019
2.8670032
2.9459977
3.668265
3.7868037
2.785577
3.6645179
2.7419775
2.7607312
2.5501792
2.7218094
3.109636
2.7389975
3.454082
3.584101
3.5586843
3.3942714
3.7134142
3.4107072
3.6230605
3.6171415
2.6948123
3.371476
2.8253458
3.4097843
3.1869905
2.8773298
3.7237148
3.0637987
3.2927048
2.8817377
2.8477225
3.6738722
3.0265205
2.8191261
3.575999
2.730058
2.845117
3.0569148
2.7482402
3.5532427
2.635404
2.7587247
2.7176182
2.7951298
2.7314003
3.7071185
3.0022054
3.3166735
2.637126
3.1473315
3.1228518
2.854334
3.0533655
3.7750595
3.4793649
3.7975273
3.8214571
3.017653
3.8646553
2.8866913
2.8541746
3.3168945
3.1882148
3.297635
3.5648367
3.9360723
2.5116208
3.2460392
4.014961
2.2987363
2.5898893
2.6851964
2.78327
2.6068382
2.08784
3.1207356
3.3992572
3.6109216
2.6174457
2.695687
2.7490027
3.1388032
3.2960393
2.805246
3.6025863
3.7335348
3.9264233
3.0836136
3.7603357
4.001779
2.5570364
3.033157
2.8538446
3.7599533
3.9931436
3.6764567
2.638974
2.7694986
3.6579816
3.5395863
4.0799494
3.901959
3.8708575
4.0592537
3.0721068
4.0026646
3.5731854
3.7383366
3.4310937
4.079894
3.5411875
2.8168314
4.034858
2.3456817
3.5825658
3.2286613
3.8868654
3.5399196
3.7510364
2.9375644
3.9618924
3.940912
3.241174
3.6749325
3.2449656
3.5911825
3.82748
2.3460283
3.9400468
3.2099097
3.0237997
3.5305426
3.0616825
3.9951482
3.179986
3.4980133
3.171212
3.1511059
3.309675
2.2948394
3.8867807
2.8549404
3.7696056
3.55246
2.2531912
3.698482
3.0031128
3.5383713
3.6575658
3.0666308
3.6203828
3.1051722
2.9227848
2.873758
3.5622473
2.510217
3.824954
3.810171
3.8373601
3.8980474
2.5765417
3.6047068
3.5745354
3.6180217
3.503491
2.456126
4.069385
3.8085265
4.041328
3.6430194
2.8272722
3.8025057
3.2894826
2.6953154
4.089686
2.567946
3.99066
3.697412
3.0807073
3.9468794
2.9945192
2.616013
2.9515126
3.8442736
3.645306
2.7216482
2.8096082
3.3493338
2.6679523
2.6666038
2.830951
3.9951437
3.6789267
2.807982
2.8522267
2.7856708
2.9712377
3.6161394
3.9190092
2.8083158
3.6306574
4.002597
3.865634
4.0453672
3.98328
4.258071
2.9763973
3.0596812
2.8362303
3.2520514
4.03775
4.0686045
3.9645088
2.7210588
4.1328583
2.8694892
4.150453
3.7700245
4.170484
3.999466
3.1840253
4.2014666
2.8004549
3.8954062
3.9638236
3.2857997
4.095863
3.5659847
3.2674277
4.055345
3.2111013
3.9718618
3.7982416
4.018954
3.692104
3.1616793
3.1088755
3.4473586
3.7051249
3.8920116
3.5505683
3.6283433
2.5630455
3.2022667
3.2540867
2.528287
3.870976
3.2531357
4.0435114
3.447005
4.1745853
3.434731
3.3373203
2.8267126
2.888285
3.4661865
2.7891972
3.1874561
4.200018
2.9083056
2.7456982
4.2768207
3.1154811
3.1368322
2.311978
4.494048
3.7706137
4.651688
2.8847537
3.9953682
2.6919472
3.1927388
3.1036737
3.0540352
3.0471318
4.089045
2.7342777
2.8521683
3.9447625
3.8733084
4.016589
2.7775056
4.1483245
3.3612535
2.2027977
2.838154
3.531944
2.8087482
3.4918907
4.1737814
3.9839714
3.8207793
4.166781
3.0727024
3.3521085
4.080214
3.6561668
3.5538864
4.1476636
3.5043583
3.3535872
3.2584713
3.0282347
3.1096468
3.5176232
3.3507051
2.2796679
4.0292587
3.715828
3.3891003
4.123044
2.291636
2.2494433
2.4681482
3.9588087
4.0287986
3.7592764
3.8685594
3.1193476
2.9508557
3.799947
3.9748316
2.8987398
3.762809
3.1188676
3.6007645
4.0574484
3.803415
2.9564111
3.3604848
2.009684
2.9043891
3.860237
3.8273945
3.4084167
3.5151055
3.871159
3.5021808
3.3854234
3.9785063
2.920535
2.5724206
3.798065
3.6434255
3.4610622
3.5460973
3.701267
3.7977922
3.5560563
3.5051343
3.9893496
2.913826
3.8901813
3.8486009
3.3842099
3.7948408
3.9221609
3.1633081
3.4680424
3.4159458
4.004653
3.7205539
2.5395384
3.038746
3.9113493
3.1861122
3.8907537
3.693482
3.8838391
3.2594867
3.603601
3.7128263
3.2941308
3.1853747
2.712063
3.61462
3.287492
3.23175
3.2939067
3.2136054
2.9716125
3.015033
3.241179
3.2265224
2.4153895
3.56277
2.6957793
2.9932168
3.3221695
3.2852182
3.343299
3.341998
2.4013987
3.1211665
3.4142332
3.042011
3.3928735
3.0676198
3.0407279
3.0465655
2.8830729
3.397432
3.1731415
2.9574878
3.081444
3.1963222
3.0520191
3.515577
2.8875265
3.3581736
3.6707432
2.3883061
2.9850967
2.9629893
3.0520797
2.9695845
3.8601577
2.7281508
3.079206
3.4837217
2.8636425
3.0695195
3.018548
4.68547
4.7642217
3.1427581
4.6965013
3.2283907
4.4061456
2.968076
3.279473
3.1669757
3.299658
3.163577
3.1011558
3.248202
2.7241104
2.9678268
3.0905485
3.1818895
3.2396631
3.2784889
3.4815788
3.2101135
3.7024577
2.4101899
2.9748845
3.0823138
3.1038375
3.3296633
2.9465039
3.1565542
3.2162073
3.0705771
3.172205
3.0910869
3.0816345
2.7794957
3.193851
3.075532
3.1536164
3.4831133
2.5663562
2.9113274
3.5255919
3.9527297
3.7217593
3.028317
3.0157976
2.810557
3.5586808
3.1930792
3.3214104
3.693265
3.490668
3.5445123
3.1402586
2.5515172
2.8906538
3.248721
2.5636878
3.6775174
3.253556
3.6470492
3.6992748
3.641851
3.5893645
3.347144
3.2465415
3.2292526
3.164548
3.3146212
3.346133
3.1710994
2.6476839
2.787265
3.286961
2.9672217
2.7719464
3.416009
2.7093205
2.7269487
3.4689524
2.3574367
3.4752755
2.787732
3.561564
3.2181737
3.2760983
3.2998319
3.6291301
3.538326
3.4897034
3.1069825
2.5712876
3.5181584
3.5806227
3.4244766
3.6182313
3.2095404
3.7468452
3.5083084
2.830858
3.6961613
2.8366446
3.6754613
3.6181228
3.6438148
3.6939037
2.8956044
3.0406053
3.3132389
3.7439544
3.7842588
2.471138
3.5851421
3.4000545
3.5392823
3.8016195
3.1776311
3.6111257
3.050442
3.419301
3.4633975
3.6613326
3.7131507
3.3085208
3.0626347
2.5153427
3.121943
3.2069345
3.7913666
3.6135802
3.0860977
3.0152626
3.724645
3.7315674
3.0630608
3.8292017
2.8447769
2.8652995
2.903427
3.026313
2.9467525
2.6906536
2.8680565
4.0308204
2.9765756
3.9609861
2.9579575
3.9181314
3.1558685
3.078017
2.7316968
2.9064572
3.1895528
2.6459436
3.8267074
2.753385
3.0495281
3.0266492
3.5628858
3.72429
2.855601
3.0227551
3.0886943
3.5684645
3.1870503
3.0571022
3.3349218
3.1273274
3.2627912
3.1925464
3.3586056
2.9553487
3.034305
3.3381767
3.2956476
3.179278
2.8059764
2.8180501
3.3888588
3.5147486
3.368465
3.4174361
3.5609126
3.0986624
3.53506
2.6040032
3.1788423
3.235492
3.2754095
3.3068383
3.315798
3.3311791
3.3681896
2.7969716
3.0520093
3.3941925
3.4874663
3.2841425
3.092924
3.410788
3.3647087
2.643913
3.5681012
3.414948
3.5866194
3.548102
3.1999943
3.5488982
2.8155878
3.2637248
3.5871904
3.5468059
2.9476488
2.6543987
2.8131297
3.13072
3.660929
2.3115413
3.4405794
3.4082022
3.7484984
2.9088225
3.7624419
3.7398894
3.2765622
2.3461897
3.731038
3.126054
3.7228117
3.8381023
3.0017457
3.7944598
3.130293
3.7465062
3.0214398
2.7459414
3.4295514
3.9953322
3.0866013
2.7394662
3.7486126
3.542265
3.8508544
3.5800734
3.4303088
2.4637117
4.033859
3.756864
4.134166
3.787308
3.1145043
3.2662082
4.1069694
3.9437456
3.087336
3.2721868
3.989338
3.57537
4.043878
3.6233273
3.989232
3.3858027
3.3456044
3.2685575
2.6684961
3.3067431
3.9535522
2.4304087
2.5720596
3.5012336
3.1954193
3.2948384
3.5060213
3.5385895
3.635985
3.5867476
3.578854
2.819664
3.3308473
2.6950011
4.0523186
2.8401475
3.4335186
3.5198183
3.8392982
3.835642
3.9764428
3.540968
3.3807137
3.4577117
3.8048198
2.7765486
3.1259508
3.8683548
3.456515
3.3922102
3.6437967
2.3937712
3.1890597
3.2202306
3.3312576
4.015662
3.7703912
3.3604915
3.748191
3.658309
2.5586057
3.7740402
3.7290974
3.827409
3.8210318
3.4479167
3.62931
4.0058565
3.551647
4.011282
3.8588445
3.6477096
3.892758
3.8567019
3.3606522
4.0987506
4.271799
4.473057
3.3828168
4.5674787
4.316725
3.743663
3.2080567
3.1381242
2.9210744
4.0444684
4.127125
3.7238996
4.1551723
3.2557085
3.5951424
3.3700066
3.4569895
3.6318514
4.445423
3.3661237
4.0443997
4.154903
4.2840524
3.8190436
4.1216063
4.391946
3.3531742
3.3602977
3.104306
4.334169
3.6707
3.8091888
3.7674959
3.8870864
3.6433506
3.1079938
4.458879
3.7894495
3.1897342
3.223843
3.0680163
3.2095594
3.1204672
3.3312283
3.2821271
4.11526
4.1313767
3.185982
3.299445
3.0926683
3.3795948
3.4920657
3.0402234
3.3472934
3.2678652
3.096198
4.1176624
4.210742
3.2026987
3.029464
4.399967
3.2873952
3.4319654
4.2317634
3.3256347
4.295596
3.2860336
2.7553754
4.1835184
4.0892854
3.2113209
2.7323232
4.1865735
2.3895228
3.538973
3.4728923
3.069325
3.2444549
4.1736116
4.0664387
2.9719117
3.9952
3.7435033
3.9023662
3.9525912
3.1754804
3.8334494
3.8679633
2.8298638
2.834883
2.998748
3.6294234
3.0332713
3.085112
3.2034492
3.5961325
3.4347997
3.4790018
3.5294719
3.360485
2.9856346
3.423044
2.8668344
3.2651486
3.3995452
3.0136647
3.4142416
2.7652013
3.4348893
3.264132
3.4062905
2.6667051
2.911744
2.7652922
2.4154732
3.3253865
2.7471032
2.7047505
3.2859485
2.7618167
3.4169033
2.713615
3.3450072
3.154246
2.594569
3.3147807
2.6048667
3.596248
3.3042836
3.5672054
3.5677977
3.4552972
2.915983
3.487586
2.9988465
2.4009576
2.6770942
2.503798
3.435536
3.5993638
3.480748
3.3130846
3.511156
3.309828
3.1092641
3.5696712
2.6110744
2.9294434
3.6603732
3.0442934
3.2096558
2.997289
3.532796
3.2259161
3.0186157
3.2305107
2.5584009
3.4169757
2.745627
3.015882
3.5331829
3.3133
2.737681
3.0412319
2.7141185
3.2887163
3.2528272
3.378333
3.3627973
3.640929
2.9620245
3.5705912
3.181385
3.2729616
3.3066382
3.4306664
3.026779
3.1858473
2.6772726
2.846624
2.475245
3.0733113
3.1732507
2.9522047
2.4006996
3.3465319
2.5440574
3.273253
3.4889138
3.1103663
3.2919378
4.1353636
2.3680348
3.3123195
3.4064848
2.7999566
4.0046253
3.6439512
3.4947052
3.2518566
3.8441377
3.5466127
3.703621
2.4595368
3.4668114
3.4113693
3.1413531
3.0204399
3.4069815
3.2537808
3.249313
3.4366093
3.0933156
3.2846475
2.7947118
3.2053056
3.296748
3.146108
2.8163166
3.5132427
3.3428216
2.8716958
2.6573603
3.4941266
3.228901
2.7380219
2.9456563
2.5566087
3.3432279
2.6911187
2.7068803
3.8576999
3.775834
3.1942487
4.015689
4.1084247
2.4979606
2.654834
4.1328325
2.8874493
4.1665907
4.1637383
2.4405308
3.133036
4.211058
2.842971
4.0271006
3.1357691
2.7023551
3.0732117
3.930881
3.048524
3.723146
2.7454178
3.8966491
3.0693944
3.3006687
2.4351857
3.493421
3.4213274
3.0429988
3.5566533
3.4522038
3.8121061
3.4737458
3.695531
3.6523414
3.663186
3.590906
3.5052588
2.747209
3.139171
3.4862597
3.2747724
2.99578
3.5937726
2.590263
2.479815
3.2928836
3.4535756
3.6352465
2.1329103
3.9405923
3.5969605
2.8643022
3.6468627
3.521157
3.3771245
3.2248268
4.0780826
2.713112
2.6258268
3.1514158
3.1189075
3.1591122
2.6797757
2.765209
3.1401823
3.932904
2.5548246
2.8903112
3.7221255
3.349196
3.183645
3.393879
2.7305875
2.7456973
3.7941856
3.6140714
3.0564225
3.2049236
2.84763
2.6282985
3.048308
3.344469
3.39004
3.0864809
3.442745
2.4226842
2.8516593
3.3671415
2.6404715
3.1183572
2.7942622
3.7114296
3.4043202
3.6033988
3.4710577
2.7924843
3.0025342
3.3478808
3.2779682
2.759928
3.045974
2.7131307
2.8897808
3.1313577
2.8383346
2.8450665
3.3733385
2.6748517
3.078782
3.6221144
3.6953692
2.910619
3.0492396
2.8108442
2.9174914
3.6149201
3.7385633
2.7528174
2.6325588
3.0242832
3.20407
2.9148142
2.8389306
3.3653579
3.0653458
3.049439
2.9531436
3.3816152
2.889632
3.2398272
3.1181567
2.5920622
2.656006
3.2346075
3.5486412
3.0736375
2.902439
2.8673682
2.5676007
3.3569086
3.9167275
2.5981874
2.7009573
3.814054
2.7813702
2.9714026
3.3737369
2.8551204
3.906044
2.7815297
3.9638736
2.9960902
3.3548858
3.1264498
3.711504
2.687671
2.6268227
2.972339
2.4017754
3.569888
2.8688138
3.1952355
2.6896324
3.0759153
3.030006
2.8794773
2.9656398
3.5240784
3.2764325
3.8428595
3.112553
2.8367743
3.4208312
2.8343859
3.5047019
3.4963138
3.2409372
3.4851003
3.1670623
3.5711942
3.8693275
3.0404646
3.6949317
3.6835308
3.1148498
2.9560418
3.5880933
3.5413146
3.6353123
3.973392
4.020336
3.7662117
4.1333003
3.9456797
3.9906642
3.9309075
3.1090329
3.9475448
3.199191
3.4318216
2.8150115
3.701262
2.7132401
2.7780848
3.8769069
3.9216182
3.7205691
4.0516343
2.3520641
3.0731316
4.041428
3.8065119
3.487848
4.04611
3.4279022
4.03551
3.91915
2.4282737
3.3455694
3.711951
3.7571697
3.9827223
4.033088
3.6038766
4.024248
2.667963
3.907181
3.9260035
3.7130919
4.0148973
3.1528184
3.823369
2.3409889
3.553839
3.2108614
2.901012
3.0219831
3.3478541
2.8787904
3.292668
2.9567125
2.8990078
3.3319955
3.3170948
2.6424825
2.557165
2.905711
3.2848158
2.7690825
3.2317271
3.2994874
1.9790554
3.183776
2.643596
3.1597807
3.4169629
3.7733595
2.6720874
2.9460707
2.3183825
2.9560685
3.8171232
2.7227309
2.77527
2.4776978
2.469922
2.5810344
3.3453093
2.7829528
3.7126722
3.257504
2.600134
3.5562458
2.765654
3.457414
2.3911295
3.0426943
3.1155038
3.3587477
2.9135742
3.3350677
3.2836757
3.2159908
3.4136894
3.2083423
3.3024921
3.3438103
3.701171
3.4351835
3.714544
3.1618373
3.6728196
2.9565814
2.3287141
3.322101
3.755503
4.0754395
3.41326
3.4219086
3.2758155
3.6178217
3.1688373
2.8257058
3.4377894
2.8084671
3.548248
2.8679726
2.738274
3.434523
3.088449
3.3724203
4.692839
3.3488767
3.3850102
4.6675625
3.7750926
4.7423825
4.502843
4.6039743
3.8265421
3.1691499
4.610922
3.8695993
3.207668
3.346885
4.752088
4.823942
4.5135417
3.1949503
5.065284
3.2279022
3.3139372
2.621847
3.163382
3.4379358
3.4687157
2.864369
5.097921
3.170083
3.8365536
3.3106866
3.4230711
5.4647923
5.239772
2.535287
5.4417515
3.2953517
3.2822
5.4149117
3.0820434
3.5531125
2.3362415
5.4174805
3.1935935
3.168834
3.171159
5.5338354
3.1370661
5.602842
3.0725067
3.0168056
2.3731556
2.4714627
2.7062795
2.7783132
5.6195803
3.1124554
5.5808153
2.6771276
5.484637
2.2864034
2.4779873
5.6156096
5.677105
5.8608527
5.5257077
4.927269
2.8828852
4.0494175
2.777344
2.8893926
2.9698756
2.7146018
3.3170888
3.1474547
3.1974463
2.845651
3.0692773
3.237548
2.5717564
3.3281066
3.4219575
3.4135416
3.3969035
3.5502727
3.1433878
3.3667734
3.6896868
3.02864
2.7521648
4.296634
4.189625
2.946931
4.1068506
3.141332
2.7219017
3.0571234
2.7489617
3.0164914
3.0018141
3.1198487
2.7869818
2.8678446
2.8989892
2.8127737
2.927036
2.6066785
2.8670022
2.9976563
3.0060277
2.588755
3.0923462
2.2156491
2.224926
2.9279041
2.9109519
2.4390526
2.09234
2.6574385
3.04599
2.907117
2.608606
2.8457835
2.6890287
2.7634094
2.7115407
3.0082638
2.6499345
2.6973636
2.7578294
2.825147
3.182063
2.5001998
3.558204
2.4870932
2.596521
2.4621353
3.0493894
3.020257
2.9514923
2.3201592
2.744934
2.884101
2.436555
3.2952354
2.534979
3.3557546
3.0534432
3.5373611
3.5209143
2.613926
2.3706882
2.4272447
2.5130103
