10000
9.851137
9.834766
9.782599
9.812405
9.761914
9.796153
9.769943
9.749743
9.728018
9.62072
9.579968
9.557968
9.542389
9.457878
9.483251
9.416344
9.435957
9.337912
9.245485
9.212648
9.223405
9.252908
9.129717
9.022008
9.120184
9.0864525
9.110327
9.0161495
8.935708
8.921913
8.812973
8.815264
8.709947
8.710626
8.612613
8.611838
8.503705
8.385309
8.297818
8.352649
8.370876
8.2004795
8.099696
8.055511
8.045299
7.891272
7.7724805
7.8147793
7.615676
7.538988
7.275063
7.4940786
7.3265996
7.1528726
7.0724626
7.0072923
6.989936
6.8531337
6.9441466
6.9551315
7.0372324
7.0034447
6.9390793
6.7843485
6.945075
6.8482227
6.8268523
6.851306
6.8888526
6.957365
6.9360986
7.0075636
6.957744
6.948209
6.9973364
6.9781656
7.1082115
6.991316
7.0609126
6.7981353
7.050455
6.8970003
6.978985
6.8521533
7.004354
6.8453555
6.902952
7.026513
6.9575458
6.9584937
6.9730144
7.231437
7.405394
7.3997707
7.4907074
7.562598
7.5878134
7.8347588
7.949037
8.242759
8.159434
8.207591
8.182029
8.038648
8.08807
8.238558
8.300396
8.274792
8.231157
8.502648
8.402313
8.329925
8.299692
8.227012
8.177339
8.122087
8.115588
8.1922245
8.135281
8.112402
8.0527935
7.9743886
7.9109716
8.049882
7.981888
7.9754405
7.9833946
7.9042044
7.8552003
7.78082
7.7483807
7.6529627
7.595667
7.6487765
7.5629716
7.586228
7.50424
7.6164618
7.56009
7.563169
7.609314
7.5907784
7.550301
7.566706
7.5004196
7.580292
7.528427
7.5580277
7.609461
7.5432463
7.503538
7.6096573
7.49375
7.49506
7.416785
7.4121504
7.393703
7.4151974
7.2809095
7.3273287
7.372445
7.336855
7.2995834
7.3935304
7.32115
7.2612042
7.2610583
7.340756
7.3543015
7.3380084
7.3717337
7.398901
7.508573
7.538267
7.3181987
7.3887157
7.3032146
7.2736764
7.316769
7.265762
7.1667333
7.127184
7.114278
7.1241508
7.0333734
7.105095
7.1026506
7.0871663
7.121438
7.012429
7.185803
7.0506225
7.0187244
6.9175816
6.8718376
6.794256
6.7783675
6.673889
6.5295076
6.885119
6.598226
6.696674
6.555719
6.569548
6.558917
6.3650427
6.36687
6.412646
6.3875523
6.2515125
6.3362036
6.25565
6.5286694
6.4319797
6.5967426
6.223611
6.461956
6.6041636
6.6277046
6.694868
6.503494
6.658503
6.5326786
6.8279004
6.6969786
6.725003
6.4850445
6.794491
6.592379
6.7727346
6.7345138
6.692289
6.658492
6.6734343
6.7085576
6.6976852
6.627769
6.560336
6.6720605
6.705097
6.5682945
6.6425366
6.454467
6.7423725
6.634688
6.8504295
6.4775248
6.860688
6.7910137
6.7334175
6.7401924
6.366429
6.659014
6.549228
6.5555234
6.505156
6.6030803
6.5631
6.7550616
6.7437506
6.555622
6.5062633
6.6864023
6.6143723
6.7168493
6.63663
6.5950265
6.7601643
6.790248
6.6321087
6.7011895
6.6817975
6.6338825
6.569307
6.6790886
6.4680834
6.616705
6.8186235
6.6834383
6.58414
6.7322364
6.7244625
6.664758
6.6466265
6.5365286
6.634454
6.5120063
6.7011695
6.692739
6.608181
6.5613623
6.568243
6.4549727
6.4396577
6.636961
6.2819924
6.429124
6.507171
6.317816
6.4280076
6.2584987
6.343719
6.451196
6.15812
6.3111763
6.1801333
6.5182247
6.4248333
6.426107
6.380328
6.405952
6.5189886
6.4739823
6.3786926
6.5364685
6.5990505
6.6089573
6.2312565
6.67767
6.4755235
6.562091
6.454318
6.562215
6.3686323
6.61648
6.55165
6.536045
6.4560146
6.5062647
6.441706
6.546832
6.3598585
6.5755334
6.2868004
6.520904
6.3057857
6.5191393
6.528515
6.356473
6.4044404
6.428105
6.502173
6.4454875
6.3732553
6.28817
6.2879653
6.359145
6.379868
6.367891
6.312513
6.438939
6.3514977
6.3556366
6.2002525
6.4671655
6.458406
6.4940786
6.5378437
6.6110306
6.5196695
6.52455
6.5961432
6.5966673
6.674217
6.921746
6.8479156
6.8743234
6.814503
6.8872247
6.8603697
6.845896
6.8879533
6.911027
6.941843
7.126245
6.9443407
7.115904
6.9473104
7.0131726
6.8575535
6.905281
6.9326096
6.9549694
6.8364196
6.7979107
6.9139347
6.966111
6.850078
6.891142
6.802238
6.8075557
6.800099
6.7040167
6.6800704
6.588518
6.6320515
6.7631526
6.7644434
6.702672
6.675187
6.7787814
6.5863295
6.694194
6.6625776
6.6636314
6.4949813
6.5989566
6.6477737
6.529649
6.5589604
6.6558146
6.5733337
6.6678314
6.7061315
6.700575
6.7708817
6.736641
6.6336293
6.6829634
6.6513557
6.828012
6.587133
6.79098
6.6086416
6.6562243
6.658313
6.767268
6.6020794
6.645547
6.7299056
6.7892566
6.6395535
6.7972264
6.89511
6.8193603
6.7155356
6.6345506
6.7005525
7.011129
6.8884025
6.8154783
6.8720427
6.9658647
6.829153
6.8885717
6.9413204
7.011171
6.936378
7.134065
7.02403
6.900437
6.81114
6.8892727
6.907706
6.717273
6.7968245
6.928893
6.886945
6.88231
6.901615
6.853017
6.985055
6.774981
7.01495
6.8165946
6.842286
6.8968
6.7188826
6.937818
6.779311
6.658255
6.9053993
6.925022
6.7462673
6.8247747
6.8514986
6.842296
7.0558987
6.7643857
6.861896
6.81769
6.936263
6.71605
6.9345417
6.819237
6.955823
6.898038
6.9712033
6.967694
6.903756
7.059668
7.023032
6.948045
7.0922103
7.0309687
7.1724153
7.2883897
7.0069532
7.408155
7.302298
7.2692003
7.2283087
7.324692
7.18454
7.27919
7.1788197
7.396044
7.3781743
7.454357
7.415466
7.4337983
7.3434105
7.1625967
7.20664
7.114869
7.3481445
7.388715
7.4046226
7.2389197
7.1460986
7.205413
7.38326
7.123315
7.152998
7.1410503
7.103904
6.927342
6.9893465
6.9872065
6.9830728
7.0003257
7.0524387
6.9956837
7.156543
6.92014
6.9336076
6.92562
6.933297
7.047907
6.968267
6.9055834
6.927393
6.900238
6.9323516
6.9848275
6.9324627
6.9935155
7.0122466
6.915934
6.87715
6.7838993
6.9274898
7.02188
6.960077
6.8568196
6.84916
6.8739805
6.805909
7.0232105
6.976796
7.1620784
6.98554
7.0594335
7.1726813
7.117077
7.0843477
6.9840612
7.0516305
7.0818725
7.13322
7.2462
7.2531347
7.4447145
7.247702
7.385884
7.3881187
7.348054
7.3549848
7.3069606
7.295226
7.4084196
7.4072185
7.32407
7.134915
7.1402802
7.348753
7.326952
7.3860836
7.301414
7.352852
7.1397324
7.2567964
7.180417
7.384012
7.327613
7.320225
7.2698503
6.9508324
6.823451
7.064784
7.07481
7.0156984
6.9751663
6.999586
6.7916307
6.7020082
6.8624544
6.8348713
6.796733
6.8540964
6.777721
6.7045083
6.879064
6.880415
6.8754573
6.8202252
6.922157
6.867433
7.0032434
6.7499814
6.8869286
6.9590297
6.842789
6.899884
6.9315467
7.052388
6.875187
6.86619
6.810233
6.9693336
6.959054
7.0938783
6.8518467
7.052308
6.92883
6.8853545
7.1637826
7.0542946
7.0223475
7.0357895
7.285042
7.214948
7.3472357
7.0678525
7.321266
7.0774026
7.2450314
7.396983
7.3416286
7.5042806
7.4108496
7.3179936
7.410919
7.5764875
7.299331
7.4687552
7.461245
7.430969
7.2848434
7.4454074
7.517765
7.3309574
7.321741
7.371325
7.2399135
7.2431912
7.3046875
7.40035
7.382713
7.3304067
7.229532
7.231661
7.08255
7.166547
7.144628
7.038232
6.853929
6.86531
6.9836235
6.915767
6.892351
6.8772607
6.8882637
6.897458
6.9143004
6.869504
6.8018456
6.6990128
6.8974304
6.687386
6.816019
6.8357716
6.9671516
6.8479013
6.831818
6.9609303
6.790308
6.8586974
7.007166
6.839414
6.9313493
6.960084
7.0076756
6.854332
6.910554
6.945681
7.021123
6.9804773
6.8580484
6.986864
6.8923965
7.085464
7.085621
7.0001173
7.2122583
6.9292383
7.1801505
6.99615
7.229884
7.191236
7.1744103
7.049996
7.0670495
7.0812387
7.101828
7.405813
7.3401427
7.3389125
7.335066
7.352516
7.3698997
7.4313784
7.168217
7.216304
7.284224
7.242711
7.2976785
7.2234974
7.2528563
7.1331797
7.3755927
7.044983
7.1768804
7.1144896
7.1324134
7.196103
7.2424445
7.1254306
7.025283
7.05789
7.209339
6.9709334
7.018936
7.0476594
6.957134
7.0678835
7.0342693
6.897909
6.89004
6.854302
6.8382363
6.734707
6.906773
6.786427
6.9848957
6.7337027
6.917363
6.8604856
6.877797
6.8685894
7.1750836
7.200717
7.160557
7.059591
6.8478794
6.562827
6.460951
6.6084805
6.605036
6.191396
6.0069246
5.680371
5.3307385
5.4387054
2.0727878
2.8678362
3.3451052
3.4786854
3.2395937
3.2627249
2.1603022
1.6786573
3.155217
2.4974375
2.7237203
2.830007
2.608596
3.1530852
2.2727487
2.6482174
3.453088
2.2487078
2.6691597
3.1379437
3.1678612
2.2059426
2.4981759
4.3787313
2.344772
3.7865126
3.2638514
3.3881104
2.9638293
1.9687386
3.2476106
2.8819075
1.9340262
4.004012
1.9368165
3.4984465
1.9370468
2.58629
2.6421604
3.498655
3.4111295
3.0584016
2.0919487
2.534188
2.603448
3.3422422
1.8342904
3.0886183
2.6628153
2.141398
2.3230965
2.4199429
3.0620365
3.1083133
3.22671
2.1811845
1.649981
2.704106
2.781757
2.7209377
2.5850112
2.6395192
3.549303
3.350823
2.6593037
3.3036869
2.4818807
2.328992
2.7234557
2.494273
2.2359896
3.1494927
2.7604823
3.3666546
1.8720073
6.928193
7.2621
7.1556354
7.1962905
7.2720213
7.279318
7.395866
7.3158135
7.4164014
7.376359
7.4577293
7.498904
7.7533646
7.6095195
7.509189
7.5113926
7.580163
7.5235815
7.5149393
7.705129
7.5061207
7.5911837
7.4937615
7.540889
7.4999046
7.5694337
7.63245
7.4194126
7.434738
7.5375705
7.5267725
7.4326096
7.526328
7.3691087
7.4090824
7.3255587
7.3147
7.2787585
7.291945
7.463418
7.391039
7.349212
7.316275
7.3656178
7.4005375
7.366894
7.458901
7.378545
7.334514
7.4533334
7.2607656
7.682127
7.393755
7.5461936
7.459078
7.5792255
7.3667793
7.550539
7.398263
7.509844
7.4551167
7.477633
7.553157
7.468969
7.4670753
7.5667224
7.492864
7.648321
7.5767317
7.5507364
7.7176385
7.76361
7.739576
7.621965
7.8378925
7.8421345
7.6938286
7.7801385
7.669666
7.6791472
7.631077
7.628255
7.374842
7.338631
7.492322
7.5294704
7.523532
7.3878803
7.3212805
7.4150925
7.411416
7.5193715
7.2126756
7.3969083
7.246696
7.201525
7.2159634
7.497588
7.3196554
7.077002
7.4626937
7.2141805
7.3852677
7.4740744
7.2683606
7.450119
7.382892
7.283791
7.242287
7.449823
7.2245145
7.2813783
7.344919
7.3237205
7.2686996
7.4328756
7.5434856
7.3383837
7.51911
7.467513
7.657991
7.5163493
7.4490366
7.470108
7.658777
7.7100444
7.8679843
7.730618
7.783965
7.679379
7.772127
7.813453
7.759761
7.9455547
7.712767
7.572201
7.633027
7.5344243
7.305027
7.6722527
7.7110014
7.7536516
7.7564664
7.7385654
7.5744233
7.685751
7.5171833
7.5622244
7.2986026
7.390527
7.484864
7.36826
7.3767657
7.464113
7.439648
7.4436955
7.4458256
7.511524
7.665191
7.4208927
7.413574
7.477515
7.4780693
7.6192226
7.595405
7.5538015
7.599902
7.7741356
7.83392
7.7994223
7.9205356
7.749609
7.720868
7.749002
7.74403
7.928708
7.826488
7.902365
7.7970304
7.8464193
7.79264
7.65452
7.8253026
7.6598244
7.583643
7.720042
7.608713
7.7768593
7.6560516
7.6610136
7.613925
7.5896916
7.618557
7.5511923
7.4475927
7.436204
7.502275
7.343149
7.500449
7.426893
7.2733665
7.4263563
7.5179043
7.4644084
7.4244576
7.214167
7.327862
7.5571947
7.445413
7.366319
7.3542995
7.7708397
7.6071496
7.8377137
7.6679077
7.683105
7.788602
7.868206
7.7873545
7.918176
7.7822657
7.965221
7.8147216
7.907109
7.7097807
7.6233892
7.8119273
7.6866775
7.697978
7.580277
7.558755
7.7042475
7.5800977
7.419755
7.523168
7.4390693
7.431796
7.4403996
7.461768
7.4188204
7.410213
7.3955564
7.3869867
7.3799496
7.432069
7.3714914
7.4241858
7.4300117
7.286023
7.5190053
7.2916207
7.357697
7.551873
7.3583975
7.727237
7.6682787
7.614396
7.6849484
7.7798133
7.938551
7.892168
8.0100355
7.923335
7.8882036
7.882379
7.823247
7.874656
7.9965982
7.9584546
7.9473267
7.786669
7.754069
7.819426
7.6919537
7.7108064
7.605156
7.4000387
7.357212
7.44662
7.498634
7.3195148
7.256738
7.329247
7.34941
7.249719
7.3641434
7.333135
7.3436503
7.3351107
7.2574525
7.6038537
7.422195
7.27565
7.506893
7.3770504
7.6503363
7.643013
7.6185803
7.5767326
7.7493634
7.561166
7.6569057
7.645649
7.7133493
7.725629
7.5804825
7.7584257
7.706895
7.584775
7.4782896
7.6457148
7.6265626
7.407736
7.4457393
7.0995655
7.234136
7.1483884
7.1964855
7.023962
7.3030524
7.2871704
7.299968
7.0384774
7.08943
7.102315
7.1571856
7.044074
7.3775196
7.399576
7.193149
7.363233
7.4493566
7.4409566
7.495269
7.423244
7.537638
7.4836817
7.429472
7.568691
7.462554
7.643224
7.602458
7.7135196
7.7659163
7.5699306
7.454349
7.548603
7.6861606
7.582282
7.623739
7.3210793
7.378568
7.5969563
7.221018
6.9626446
7.4199476
7.10086
7.1041255
7.293676
7.040716
6.66358
7.1047997
6.835587
6.764081
7.088493
6.897499
6.971883
7.011896
7.044799
7.030557
7.091444
7.096243
7.133269
7.3005147
7.1334143
7.2119217
7.5459404
7.41588
7.4203286
7.4800057
7.366173
7.468216
7.544997
7.462101
7.3546777
7.314113
7.13325
7.3262315
7.192894
7.0976686
7.0217543
7.3262405
7.0921907
6.9623156
6.962309
7.278941
7.068472
6.969712
7.1497283
7.0981216
7.0389276
6.8512325
6.8079467
6.8904405
6.8731246
6.8251104
7.0579576
7.182421
7.126227
7.050997
6.6746016
6.9321413
6.947605
7.0520406
7.2202044
7.231845
7.492448
7.2466598
7.453449
7.334775
7.258125
7.5261106
7.2093906
7.143529
7.3956866
7.423332
7.487725
7.1522045
7.251483
7.148588
7.2696652
7.075041
7.1041727
7.212148
6.807287
6.872795
6.594544
6.8565283
6.6251345
6.877573
6.8166747
6.7520027
6.834302
6.7285366
6.7848077
6.794316
6.5654488
6.787754
6.9033937
7.055788
6.902812
7.0524364
7.0837383
7.1606374
7.0891867
7.1239495
7.0232253
7.037662
7.0948358
7.283617
7.029748
6.6525164
6.6864696
6.7515907
6.9946675
6.7584867
6.7684627
7.006829
6.7167706
6.5830216
6.413187
6.5469217
6.5584116
6.4998055
6.534458
6.4036465
6.543045
6.531161
6.496961
6.693402
6.7642984
6.5583024
6.6509094
7.029574
6.684416
6.9306564
6.8088784
6.921679
7.059169
6.904066
7.0813155
6.942496
6.677705
6.693902
6.725116
6.7254424
6.5802507
6.620052
6.6024475
6.391077
6.7270327
6.774745
6.3262153
6.411922
6.3972335
6.4105496
6.3739724
6.2141676
6.375204
6.3339944
6.0566945
6.1709237
6.1107965
6.1198635
6.240621
6.0154524
6.4803348
6.122384
6.021372
6.286539
6.0378547
6.212926
6.110858
6.367088
6.2891145
6.33026
6.408461
6.247257
6.558939
6.191416
6.2690673
6.4860067
6.438153
6.0278974
6.3715076
6.3494234
6.097752
6.1416283
6.3149557
6.1144423
6.2405343
6.1413836
6.3285
6.187827
6.149542
6.2290115
6.295549
6.0945625
6.007066
6.178589
6.020513
5.866391
6.00849
6.094658
5.8267584
5.9070816
6.067724
5.99193
5.723677
5.8226633
5.8839355
5.8661757
6.016603
5.784518
5.7415075
5.864204
5.985716
5.8018236
6.105588
6.2734365
6.0623755
6.2724395
6.095058
6.128394
6.1259227
6.0897613
6.1443787
6.1793475
5.959845
6.24294
6.2325525
6.238779
6.345032
6.438084
6.29031
6.3183556
6.3601117
6.1566725
6.495725
6.353796
6.5647693
6.368654
6.51511
6.4558353
6.470663
6.4297857
6.392397
6.371396
6.3358984
6.5568023
6.2450233
6.5298357
6.5383816
6.3735547
6.347805
6.357016
6.4418354
6.385363
6.562137
6.6208844
6.3717747
6.397627
6.320093
6.4841814
6.3459606
6.3008156
6.3590975
6.034801
6.0620666
6.097529
6.2484946
6.313862
6.4854603
6.572976
6.4562006
6.563324
6.4415765
6.4504876
6.5064316
6.696529
6.3777266
6.5111146
6.3128457
6.4878902
6.390388
6.2825465
6.3306766
6.2680063
6.666082
6.7074003
6.6073766
6.647746
6.69206
6.6734796
6.531264
6.7555995
6.695694
6.5879674
6.7234516
6.8523154
6.599283
6.870335
6.606908
6.8690953
6.5254827
6.76224
6.5343385
6.778988
6.2381716
6.3649592
6.7258534
6.380954
6.6404767
6.3002687
6.449914
6.3559484
6.361037
6.56421
6.6257267
6.580974
6.5863557
6.6211653
6.501527
6.578601
6.397665
6.6593475
6.5685396
6.6601515
6.910811
6.722531
6.6967974
6.857391
6.8379374
6.743762
6.756096
6.801548
6.972396
6.678515
6.6094103
6.719548
6.692841
6.673458
6.8369255
6.830415
6.8091197
6.632393
6.8171487
6.614413
6.71776
6.6700077
6.590649
6.5256295
6.4251738
6.590469
6.721143
6.7281795
6.721184
6.606568
6.7467318
6.5519104
6.6655364
6.541818
6.55744
6.771544
6.7306867
6.8173404
6.6565056
6.607056
6.708926
6.5920215
6.3911047
6.379128
6.449879
6.645265
6.6627235
6.5769734
6.6351104
6.6530585
6.4851675
6.5886574
6.479504
6.0471425
6.2837195
6.084264
5.881623
5.837046
5.8335896
5.903357
6.258246
6.163048
6.0866284
6.0391655
6.169383
5.994273
6.0267477
5.8927407
6.0805492
6.074747
5.924877
5.9868846
5.9372406
6.064581
6.0209084
6.021029
5.9671144
5.985174
6.0271816
6.0211515
6.158141
6.0478206
6.3192897
6.011752
6.2561374
6.1149325
6.220649
6.0870934
6.192755
6.1532435
6.0051637
6.0770903
6.2462826
6.0803924
6.0270567
5.9568224
6.0360804
5.930142
5.96955
5.9572086
5.946964
5.9568124
5.963025
5.813245
5.947524
6.000137
5.7989607
5.9157014
5.980124
5.880268
5.888843
5.8737316
5.7190175
5.855165
5.9521823
5.749032
5.737111
5.977959
5.6251707
5.9972014
5.880058
5.684008
5.90605
5.8469086
5.99733
6.0954514
5.913982
5.749625
5.660706
5.8388405
5.9512477
5.8694725
5.9101834
5.842849
5.835695
5.9515085
6.0162625
5.9158993
5.9939165
6.000403
6.10794
5.9840064
5.7497497
5.800999
6.006913
5.992574
5.922242
6.0577607
6.032299
6.087228
6.1168203
6.1600986
5.9347706
6.0742235
5.751224
5.8788238
5.8857026
6.1227646
5.815354
5.945487
5.971336
5.910913
5.8374643
5.825943
6.167966
5.8530097
5.9614487
5.6237617
5.9602747
6.2237034
6.0109935
5.862668
6.218609
6.2151465
6.101469
5.8999577
5.853427
6.125943
6.0310388
5.844111
6.016343
5.985101
6.0590167
6.044032
5.811534
6.205811
5.8664465
6.0540504
5.793927
5.7897754
5.8560705
5.900438
5.716014
5.808173
5.775321
5.8988123
5.8968225
5.679465
5.6900144
5.91331
5.827446
5.859063
5.8319387
5.796339
5.709867
6.0159206
5.8442593
5.991201
5.691299
5.890408
5.722219
5.5514793
5.529616
5.7125435
5.761269
5.5461736
5.7169337
5.628873
5.7022986
5.51315
5.5870557
5.462514
5.5611787
5.594942
5.486979
5.3975525
5.335643
5.7615623
5.3353214
5.619655
5.4190273
5.498108
5.3954315
5.5766964
5.63206
5.5134807
5.3723736
5.638281
5.1609335
5.5750504
5.563729
5.4132056
5.5451245
5.409167
5.43068
5.37788
5.5251536
5.513587
5.5161295
5.464387
5.565687
5.4613857
5.3992357
5.8282905
5.455106
5.466134
5.521273
5.5724454
5.2179418
5.448985
5.576604
5.5813985
5.7339506
5.3042607
5.772318
5.5596075
5.2652197
5.424316
5.388257
5.2843466
5.4759417
5.470392
5.5369225
5.5897293
5.5993605
5.4233837
5.507672
5.5629506
5.630711
5.764945
5.5393753
5.625949
5.6722984
5.62702
5.5939198
5.4560513
5.7096434
5.5848207
5.426308
5.3782125
5.461158
5.4891925
5.6737485
5.5240574
5.4730344
5.4723635
5.5956697
5.4421515
5.448159
5.304022
5.504696
5.575611
5.4776344
5.4166193
5.235823
5.3320565
5.3360395
5.520535
5.291162
5.3286705
5.163747
5.272612
5.198709
5.327579
5.332241
5.307979
5.4565787
5.3940682
5.302782
5.3535085
5.3250694
5.348036
5.3188195
5.42665
5.3841
5.2110243
5.2031302
5.300145
5.2015557
5.180477
5.351372
5.2659974
5.1992626
5.089517
5.0319195
5.2251563
5.185691
5.328147
5.317708
5.135338
5.191199
