10000
9.851137
9.834766
9.782599
9.812405
9.761914
9.796153
9.769943
9.749743
9.728018
9.62072
9.579968
9.557968
9.542389
9.457878
9.483251
9.416344
9.435957
9.337912
9.245485
9.212648
9.223405
9.252908
9.129717
9.022008
9.120184
9.0864525
9.110327
9.0161495
8.935708
8.921913
8.812973
8.815264
8.709947
8.710626
8.612613
8.611838
8.503705
8.385309
8.297818
8.352649
8.370876
8.2004795
8.099696
8.055511
8.045299
7.891272
7.7724805
7.8147793
7.615676
7.538988
7.275063
7.4940786
7.3265996
7.1528726
7.0724626
7.0072923
6.989936
6.8531337
6.9441466
6.9551315
7.0372324
7.0034447
6.9390793
6.7843485
6.945075
6.8482227
6.8268523
6.851306
6.8888526
6.957365
6.9360986
7.0075636
6.957744
6.948209
6.9973364
6.9781656
7.1082115
6.991316
7.0609126
6.7981353
7.050455
6.8970003
6.978985
6.8521533
7.004354
6.8453555
6.902952
7.026513
6.9575458
6.9584937
6.9730144
7.231437
7.405394
7.3997707
7.4907074
7.562598
7.5878134
7.8347588
7.949037
8.242759
8.159434
8.207591
8.182029
8.038648
8.08807
8.238558
8.300396
8.274792
8.231157
8.502648
8.402313
8.329925
8.299692
8.227012
8.177339
8.122087
8.115588
8.1922245
8.135281
8.112402
8.0527935
7.9743886
7.9109716
8.049882
7.981888
7.9754405
7.9833946
7.9042044
7.8552003
7.78082
7.7483807
7.6529627
7.595667
7.6487765
7.5629716
7.586228
7.50424
7.6164618
7.56009
7.563169
7.609314
7.5907784
7.550301
7.566706
7.5004196
7.580292
7.528427
7.5580277
7.609461
7.5432463
7.503538
7.6096573
7.49375
7.49506
7.416785
7.4121504
7.393703
7.4151974
7.2809095
7.3273287
7.372445
7.336855
7.2995834
7.3935304
7.32115
7.2612042
7.2610583
7.340756
7.3543015
7.3380084
7.3717337
7.398901
7.508573
7.538267
7.3181987
7.3887157
7.3032146
7.2736764
7.316769
7.265762
7.1667333
7.127184
7.114278
7.1241508
7.0333734
7.105095
7.1026506
7.0871663
7.121438
7.012429
7.185803
7.0506225
7.0187244
6.9175816
6.8718376
6.794256
6.7783675
6.673889
6.5295076
6.885119
6.598226
6.696674
6.555719
6.569548
6.558917
6.3650427
6.36687
6.412646
6.3875523
6.2515125
6.3362036
6.25565
6.5286694
6.4319797
6.5967426
6.223611
6.461956
6.6041636
6.6277046
6.694868
6.503494
6.658503
6.5326786
6.8279004
6.6969786
6.725003
6.4850445
6.794491
6.592379
6.7727346
6.7345138
6.692289
6.658492
6.6734343
6.7085576
6.6976852
6.627769
6.560336
6.6720605
6.705097
6.5682945
6.6425366
6.454467
6.7423725
6.634688
6.8504295
6.4775248
6.860688
6.7910137
6.7334175
6.7401924
6.366429
6.659014
6.549228
6.5555234
6.505156
6.6030803
6.5631
6.7550616
6.7437506
6.555622
6.5062633
6.6864023
6.6143723
6.7168493
6.63663
6.5950265
6.7601643
6.790248
6.6321087
6.7011895
6.6817975
6.6338825
6.569307
6.6790886
6.4680834
6.616705
6.8186235
6.6834383
6.58414
6.7322364
6.7244625
6.664758
6.6466265
6.5365286
6.634454
6.5120063
6.7011695
6.692739
6.608181
6.5613623
6.568243
6.4549727
6.4396577
6.636961
6.2819924
6.429124
6.507171
6.317816
6.4280076
6.2584987
6.343719
6.451196
6.15812
6.3111763
6.1801333
6.5182247
6.4248333
6.426107
6.380328
6.405952
6.5189886
6.4739823
6.3786926
6.5364685
6.5990505
6.6089573
6.2312565
6.67767
6.4755235
6.562091
6.454318
6.562215
6.3686323
6.61648
6.55165
6.536045
6.4560146
6.5062647
6.441706
6.546832
6.3598585
6.5755334
6.2868004
6.520904
6.3057857
6.5191393
6.528515
6.356473
6.4044404
6.428105
6.502173
6.4454875
6.3732553
6.28817
6.2879653
6.359145
6.379868
6.367891
6.312513
6.438939
6.3514977
6.3556366
6.2002525
6.4671655
6.458406
6.4940786
6.5378437
6.6110306
6.5196695
6.52455
6.5961432
6.5966673
6.674217
6.921746
6.8479156
6.8743234
6.814503
6.8872247
6.8603697
6.845896
6.8879533
6.911027
6.941843
7.126245
6.9443407
7.115904
6.9473104
7.0131726
6.8575535
6.905281
6.9326096
6.9549694
6.8364196
6.7979107
6.9139347
6.966111
6.850078
6.891142
6.802238
6.8075557
6.800099
6.7040167
6.6800704
6.588518
6.6320515
6.7631526
6.7644434
6.702672
6.675187
6.7787814
6.5863295
6.694194
6.6625776
6.6636314
6.4949813
6.5989566
6.6477737
6.529649
6.5589604
6.6558146
6.5733337
6.6678314
6.7061315
6.700575
6.7708817
6.736641
6.6336293
6.6829634
6.6513557
6.828012
6.587133
6.79098
6.6086416
6.6562243
6.658313
6.767268
6.6020794
6.645547
6.7299056
6.7892566
6.6395535
6.7972264
6.89511
6.8193603
6.7155356
6.6345506
6.7005525
7.011129
6.8884025
6.8154783
6.8720427
6.9658647
6.829153
6.8885717
6.9413204
7.011171
6.936378
7.134065
7.02403
6.900437
6.81114
6.8892727
6.907706
6.717273
6.7968245
6.928893
6.886945
6.88231
6.901615
6.853017
6.985055
6.774981
7.01495
6.8165946
6.842286
6.8968
6.7188826
6.937818
6.779311
6.658255
6.9053993
6.925022
6.7462673
6.8247747
6.8514986
6.842296
7.0558987
6.7643857
6.861896
6.81769
6.936263
6.71605
6.9345417
6.819237
6.955823
6.898038
6.9712033
6.967694
6.903756
7.059668
7.023032
6.948045
7.0922103
7.0309687
7.1724153
7.2883897
7.0069532
7.408155
7.302298
7.2692003
7.2283087
7.324692
7.18454
7.27919
7.1788197
7.396044
7.3781743
7.454357
7.415466
7.4337983
7.3434105
7.1625967
7.20664
7.114869
7.3481445
7.388715
7.4046226
7.2389197
7.1460986
7.205413
7.38326
7.123315
7.152998
7.1410503
7.103904
6.927342
6.9893465
6.9872065
6.9830728
7.0003257
7.0524387
6.9956837
7.156543
6.92014
6.9336076
6.92562
6.933297
7.047907
6.968267
6.9055834
6.927393
6.900238
6.9323516
6.9848275
6.9324627
6.9935155
7.0122466
6.915934
6.87715
6.7838993
6.9274898
7.02188
6.960077
6.8568196
6.84916
6.8739805
6.805909
7.0232105
6.976796
7.1620784
6.98554
7.0594335
7.1726813
7.117077
7.0843477
6.9840612
7.0516305
7.0818725
7.13322
7.2462
7.2531347
7.4447145
7.247702
7.385884
7.3881187
7.348054
7.3549848
7.3069606
7.295226
7.4084196
7.4072185
7.32407
7.134915
7.1402802
7.348753
7.326952
7.3860836
7.301414
7.352852
7.1397324
7.2567964
7.180417
7.384012
7.327613
7.320225
7.2698503
6.9508324
6.823451
7.064784
7.07481
7.0156984
6.9751663
6.999586
6.7916307
6.7020082
6.8624544
6.8348713
6.796733
6.8540964
6.777721
6.7045083
6.879064
6.880415
6.8754573
6.8202252
6.922157
6.867433
7.0032434
6.7499814
6.8869286
6.9590297
6.842789
6.899884
6.9315467
7.052388
6.875187
6.86619
6.810233
6.9693336
6.959054
7.0938783
6.8518467
7.052308
6.92883
6.8853545
7.1637826
7.0542946
7.0223475
7.0357895
7.285042
7.214948
7.3472357
7.0678525
7.321266
7.0774026
7.2450314
7.396983
7.3416286
7.5042806
7.4108496
7.3179936
7.410919
7.5764875
7.299331
7.4687552
7.461245
7.430969
7.2848434
7.4454074
7.517765
7.3309574
7.321741
7.371325
7.2399135
7.2431912
7.3046875
7.40035
7.382713
7.3304067
7.229532
7.231661
7.08255
7.166547
7.144628
7.038232
6.853929
6.86531
6.9836235
6.915767
6.892351
6.8772607
6.8882637
6.897458
6.9143004
6.869504
6.8018456
6.6990128
6.8974304
6.687386
6.816019
6.8357716
6.9671516
6.8479013
6.831818
6.9609303
6.790308
6.8586974
7.007166
6.839414
6.9313493
6.960084
7.0076756
6.854332
6.910554
6.945681
7.021123
6.9804773
6.8580484
6.986864
6.8923965
7.085464
7.085621
7.0001173
7.2122583
6.9292383
7.1801505
6.99615
7.229884
7.191236
7.1744103
7.049996
7.0670495
7.0812387
7.101828
7.405813
7.3401427
7.3389125
7.335066
7.352516
7.3698997
7.4313784
7.168217
7.216304
7.284224
7.242711
7.2976785
7.2234974
7.2528563
7.1331797
7.3755927
7.044983
7.1768804
7.1144896
7.1324134
7.196103
7.2424445
7.1254306
7.025283
7.05789
7.209339
6.9709334
7.018936
7.0476594
6.957134
7.0678835
7.0342693
6.897909
6.89004
6.854302
6.8382363
6.734707
6.906773
6.786427
6.9848957
6.7337027
6.917363
6.8604856
6.877797
6.8685894
7.1750836
7.200717
7.160557
7.059591
6.8478794
6.562827
6.460951
6.6084805
6.605036
6.191396
6.0069246
5.680371
3.6130533
2.847476
3.6871405
3.1617053
2.795836
2.9930468
3.0316243
2.943682
3.7262645
2.637388
3.6164386
3.4946103
3.3618932
3.1960278
2.7681441
3.9024432
2.5979345
3.8694532
3.2072694
3.053441
2.8058367
3.7979372
2.791649
3.5185935
3.1312697
3.0776992
3.0242784
2.738616
2.805575
3.961278
3.0452752
2.3309891
3.1489682
2.8405666
2.6294458
2.9928615
2.7325926
3.3662941
3.6374133
2.761972
2.6367092
3.5933473
3.844088
2.8750792
2.0684752
3.002718
3.3303862
2.857822
3.303344
2.9023623
2.6854656
2.7595959
6.702404
6.865517
6.9436975
6.904441
6.917467
7.2503214
7.127316
7.172625
7.055643
7.099641
7.0996714
7.1765842
7.118893
7.146604
7.095549
7.0077934
6.9513707
7.1743464
6.9285507
7.081851
6.993075
6.9197655
7.047679
7.2047396
7.099062
7.110079
7.4028735
7.2218933
7.392002
7.2144737
7.319352
7.395866
7.0349207
7.37987
7.561301
7.4612074
7.498904
7.590028
7.7217984
7.6213355
7.5184236
7.6212697
7.544976
7.4399996
7.5571184
7.5061207
7.5911837
7.530478
7.540889
7.518741
7.5694337
7.63245
7.5254245
7.4083896
7.356535
7.436479
7.369899
7.51008
7.2915053
7.2604003
7.475773
7.195439
7.225789
7.2450614
7.422982
7.362454
7.159127
7.275889
7.3016224
7.2909737
7.4067597
7.374262
7.4077835
7.2418795
7.2713428
7.199645
7.682127
7.391016
7.5461936
7.6337843
7.4063916
7.5388546
7.441867
7.398263
7.509844
7.4551167
7.477633
7.553157
7.468969
7.4670753
7.5667224
7.492864
7.648321
7.5767317
7.5507364
7.7176385
7.76361
7.739576
7.621965
7.8378925
7.8117933
7.6938286
7.8452215
7.669666
7.6791472
7.631077
7.628255
7.374842
7.338631
7.492322
7.5294704
7.523532
7.3878803
7.3212805
7.4150925
7.5113945
7.4960375
7.2126756
7.3969083
7.246696
7.322734
7.2949705
7.371166
7.2910705
7.077002
7.4626937
7.2141805
7.3852677
7.346294
7.289702
7.312882
7.382892
7.358829
7.242287
7.320522
7.3879423
7.2595587
7.344919
7.3237205
7.406229
7.4328756
7.537319
7.4746623
7.4911203
7.601675
7.657991
7.570947
7.5176153
7.499618
7.6648664
7.7100444
7.9405327
7.7098346
7.783965
7.729049
7.780909
7.830229
7.7209287
7.847069
7.7535553
7.6742654
7.604779
7.5533338
7.3700323
7.6122537
7.5512447
7.643864
7.6890693
7.525347
7.6253285
7.5334387
7.433385
7.4769506
7.261239
7.4002905
7.3274155
7.3763247
7.2505503
7.3694773
7.4370446
7.4159245
7.447735
7.4435086
7.647841
7.303041
7.3538055
7.4298935
7.4888783
7.607153
7.5416436
7.5368443
7.6299133
7.636562
7.7397966
7.761079
7.787222
7.6882887
7.666365
7.6447473
7.758235
7.796097
7.8271284
7.890717
7.802018
7.790803
7.79264
7.703146
7.747018
7.6634927
7.7020974
7.606988
7.521139
7.7768593
7.685296
7.6520967
7.6061673
7.4290295
7.618557
7.5511923
7.4475927
7.509062
7.548476
7.343149
7.500449
7.4444966
7.2621036
7.552765
7.5179043
7.4644084
7.4244576
7.214167
7.327862
7.5571947
7.5132656
7.3917866
7.5031686
7.701413
7.662641
7.778547
7.6679077
7.7372284
7.7505255
7.923701
7.7027497
7.918176
7.7822657
7.965221
7.8147216
7.907109
7.7097807
7.6784477
7.7731085
7.7535563
7.475156
7.6642265
7.558755
7.7042475
7.5800977
7.419755
7.5066977
7.4228916
7.431796
7.328378
7.479017
7.666739
7.3988605
7.5442863
7.562495
7.389225
7.432069
7.3714914
7.6347394
7.4300117
7.3122916
7.289522
7.2916207
7.593924
7.4067554
7.574651
7.6756744
7.6682787
7.614396
7.6849484
7.7798133
7.938551
7.892168
8.0100355
7.923335
7.8882036
7.882379
7.823247
7.874656
7.9965982
7.9584546
7.9473267
7.786669
7.754069
7.819426
7.6919537
7.7108064
7.605156
7.4000387
7.357212
7.44662
7.498634
7.3195148
7.256738
7.329247
7.34941
7.249719
7.3641434
7.333135
7.5511065
7.1827846
7.427801
7.419934
7.3320026
7.258547
7.563071
7.4858675
7.6369696
7.6337166
7.6808276
7.552248
7.689892
7.642995
7.541869
7.845666
7.6644936
7.5844727
7.5774484
7.5881824
7.6489477
7.650636
7.568964
7.699593
7.551512
7.4274063
7.2011323
7.2330337
7.1000943
7.0607944
6.8917837
7.0928116
7.1103363
7.0944777
7.0249944
7.026375
7.1096587
7.1044555
6.995738
7.2562222
7.075404
7.3705688
7.201541
7.325223
7.351763
7.3730474
7.4916444
7.5357914
7.5316896
7.487102
7.2633066
7.5735855
7.5134635
7.479154
7.737935
7.7162123
7.822134
7.5393596
7.671547
7.658045
7.686725
7.579875
7.50416
7.3512845
7.1884217
7.3409386
7.1463842
7.0224895
7.39851
7.1983795
6.878806
7.0196724
7.0133142
6.6647844
7.02396
7.029208
6.9755707
6.926435
6.85328
6.9390225
6.9361734
6.9754014
6.972095
7.0985813
7.0477805
7.394017
7.2746563
7.2528815
7.280581
7.3859167
7.3107004
7.44741
7.5312114
7.5635853
7.7079525
7.8028545
7.046114
7.292944
7.2952814
7.1627083
7.3145733
7.171075
6.9914846
7.0043736
6.9703655
7.0674324
7.2208214
6.9607096
7.248192
6.9041095
7.0212064
6.7925115
7.041736
6.8914847
6.8512325
6.7394867
7.006213
6.8731246
6.8251104
7.0579576
7.182421
7.126227
7.050997
6.6746016
6.9321413
7.1470213
7.1406713
7.2202044
7.362048
7.418661
7.4512916
7.695339
7.334775
7.289472
7.5534062
7.420607
7.143529
7.3956866
7.423332
7.4425797
7.081378
7.1805916
7.2995434
7.17209
7.050796
7.1041727
7.173615
7.167734
6.872795
6.6237674
6.8737483
6.9508843
6.877573
6.8166747
6.7520027
6.834302
6.7564316
6.657076
6.6936026
6.721342
6.787754
6.9033937
7.055788
6.902812
7.0524364
7.0837383
7.1606374
7.0193195
7.077325
7.0232253
7.12665
7.042688
7.034885
7.0386
6.8523936
6.808687
6.884065
6.8192725
6.730188
6.5746913
6.8960643
6.7275066
6.684633
6.413187
6.5469217
6.5584116
6.3450294
6.534458
6.4036465
6.543045
6.531161
6.3870196
6.540964
6.7642984
6.8009057
6.6509094
6.865401
6.7205286
6.717068
6.8088784
6.8158793
6.7694426
6.904066
7.0813155
6.801481
6.793666
6.75618
6.5497155
6.549846
6.563962
6.8067975
6.6024475
6.391077
6.7270327
6.7571363
6.307908
6.411922
6.4096136
6.328777
6.167335
6.254091
6.2289896
6.246606
6.129756
6.0642014
6.1107965
6.367454
6.286872
6.057428
6.2868805
6.4496174
6.021372
6.286539
6.0378547
6.06875
6.110858
6.367088
6.2891145
6.33026
6.277898
6.305632
6.5196
6.3489647
6.417812
6.652877
6.438153
6.2880173
6.331082
6.1741076
6.097752
6.1416283
6.3838015
6.1144423
6.2405343
6.1635795
6.3091125
6.223979
6.274246
6.2788563
6.1908765
6.155984
6.007066
6.11539
5.991411
5.967948
5.990544
5.9670534
5.7458076
5.720697
6.067724
5.99193
5.8177156
5.9019876
5.7918253
5.8661757
6.1058693
5.66671
5.7415075
5.794103
5.830224
5.674737
6.139239
6.1539702
6.029799
6.118719
6.095058
6.128394
6.1259227
6.0897613
6.1443787
6.1793475
5.959845
6.24294
6.2120085
6.2386107
6.345032
6.438084
6.1434274
6.1783285
6.1495767
6.30617
6.3952823
6.38194
6.5637197
6.490052
6.370933
6.5574875
6.470663
6.4215817
6.436243
6.3182755
6.3534403
6.434281
6.4550776
6.5298357
6.445635
6.4139037
6.399915
6.357016
6.4418354
6.3482714
6.6071587
6.480032
6.414225
6.4658804
6.445293
6.5306706
6.415882
6.5567684
6.266862
6.215453
6.158269
6.1475635
6.4549985
6.459943
6.619186
6.385831
6.457849
6.507294
6.362897
6.482328
6.322532
6.586667
6.3777266
6.5111146
6.3519588
6.4225144
6.576465
6.2825465
6.1772633
6.3064003
6.666082
6.5410085
6.6073766
6.647746
6.6342945
6.500977
6.531264
6.51451
6.571583
6.439742
6.864926
6.8825474
6.6204467
6.901701
6.8204865
7.0797234
6.5277
6.6176662
6.6943097
6.7884097
6.6588945
6.3649592
6.7258534
6.380954
6.6404767
6.3002687
6.4571486
6.5123644
6.4767365
6.386002
6.6152277
6.4379787
6.5608263
6.6211653
6.501527
6.578601
6.397665
6.746358
6.4160957
6.6083684
6.7482986
6.8932676
6.6967974
6.857391
6.841999
6.772155
6.756096
6.9198885
6.798666
6.678515
6.6094103
6.691668
6.692841
6.813706
6.647566
6.9185066
6.8091197
6.632393
6.8171487
6.614413
6.71776
6.697234
6.5640726
6.5256295
6.4251738
6.590469
6.8103666
6.830781
6.807692
6.808821
6.8607917
6.5207253
6.7364516
6.675574
6.521826
6.723376
6.6575427
6.8504972
6.610612
6.5452323
6.708926
6.5920215
6.3564706
6.3865056
6.406783
6.630579
6.6589675
6.60395
6.641866
6.5108433
6.5799494
6.549158
6.464406
6.4006605
6.3902683
6.076971
6.168169
5.760343
5.9664288
5.9494762
6.114865
6.0969896
6.154876
6.191529
6.026214
6.1905127
6.059438
5.991324
6.1286736
6.0093327
6.0340457
5.9071608
5.9011326
6.1836824
6.0796323
5.8713293
6.216594
6.036914
6.1370125
6.051034
6.167794
6.145773
6.2923665
6.094488
6.2063966
6.2342653
6.268241
6.0256844
6.1812434
6.1032934
6.0092096
6.078986
6.2091317
6.0373564
5.9747868
5.9801593
5.9682894
5.889336
6.0547194
5.901498
5.9067903
5.836149
6.0221276
5.827485
5.7972164
5.821
5.8299303
5.810261
5.872282
5.8432064
5.7493906
5.898365
5.6969614
5.8295836
5.7837825
5.757655
5.8200073
5.8950925
5.6475315
5.9097195
5.871258
5.7388334
5.9169216
5.7969236
6.02858
6.015345
5.949323
5.678542
5.6840477
5.6783338
5.7630606
5.739045
5.7170544
5.7800093
5.828105
5.711756
5.976026
5.7126074
5.765229
5.714843
5.8696685
5.8693323
5.690339
5.7113414
5.7395477
5.732509
5.653935
5.808812
5.6618676
5.838848
5.8793488
6.035914
5.8821173
5.9938846
5.7890005
5.941715
6.0001993
6.028216
5.782196
5.987088
5.783122
5.9564843
5.897274
5.741665
5.823413
5.986519
5.857395
5.648668
5.9050336
6.116694
5.809785
5.915671
5.9886255
5.855274
5.699572
5.6058545
5.7208843
5.991002
5.934706
5.888807
5.8788495
5.840281
5.850001
6.033678
5.7635384
5.923099
5.6336045
6.181937
5.8655677
5.7062273
5.7860665
5.79879
5.744039
5.853984
5.798081
5.8793545
5.72919
5.691511
5.6589184
6.0452223
5.820731
5.89671
5.922629
5.7076035
5.806907
5.980386
5.9065404
5.9906454
5.6806784
5.9589567
5.904145
5.595793
5.696534
5.920818
5.761269
5.604083
5.8003893
5.628873
5.6457195
3.727036
4.5777364
2.9708722
2.759988
3.0600913
4.2856827
2.778442
3.1625643
3.021131
2.9931405
3.0980577
2.9593143
4.1112113
3.3197577
3.3010924
2.0952613
3.4362876
3.0248764
2.9111493
2.857249
3.1192207
3.2696035
2.7941701
2.6472049
3.0182512
3.0733676
3.693737
2.850341
3.5361774
3.240285
3.1046348
3.098508
2.6018994
2.16855
2.5839918
2.940117
2.471422
5.355423
3.4037924
2.9305458
2.809048
2.800833
3.2295618
1.2325606
2.5859928
3.2832768
1.6304142
2.859782
2.408241
3.1734135
3.0922952
3.170534
2.9417024
3.1495254
2.7844522
3.01911
2.8883293
2.806188
2.5687146
2.8360617
3.414669
4.938567
2.7319765
3.1206062
2.5352778
2.6996784
1.8245876
3.1004558
2.0165498
3.053592
2.6856358
3.1732073
2.7059417
2.698637
3.0052922
2.9746373
3.27671
2.6323586
3.6689954
2.2502754
3.0697346
3.534783
3.4100378
3.5322213
3.2500505
2.670681
2.3971984
3.3113358
3.5338407
4.677328
2.3501015
3.4449193
2.4347243
3.4332154
2.8355672
2.4524188
2.6540284
3.3732307
2.0745013
2.3806977
2.4254804
3.5132847
3.931782
3.2259576
3.2461433
3.4908834
2.6899505
4.4483504
3.8833685
2.4349952
2.8429475
2.8281825
3.4075298
3.756762
3.4934874
2.953854
2.5634532
3.8441386
2.4501474
3.2758563
1.4851518
2.5161657
