10000
9.851137
9.834766
9.782599
9.812405
9.761914
9.796153
9.769943
9.749743
9.728018
9.62072
9.579968
9.557968
9.542389
9.457878
9.483251
9.416344
9.435957
9.337912
9.245485
9.212648
9.223405
9.252908
9.129717
9.022008
9.120184
9.0864525
9.110327
9.0161495
8.935708
8.921913
8.812973
8.815264
8.709947
8.710626
8.612613
8.611838
8.503705
8.385309
8.297818
8.352649
8.370876
8.2004795
8.099696
8.055511
8.045299
7.891272
7.7724805
7.8147793
7.615676
7.538988
7.275063
7.4940786
7.3265996
7.1528726
7.0724626
7.0072923
6.989936
6.8531337
6.9441466
6.9551315
7.0372324
7.0034447
6.9390793
6.7843485
6.945075
6.8482227
6.8268523
6.851306
6.8888526
6.957365
6.9360986
7.0075636
6.957744
6.948209
6.9973364
6.9781656
7.1082115
6.991316
7.0609126
6.7981353
7.050455
6.8970003
6.978985
6.8521533
7.004354
6.8453555
6.902952
7.026513
6.9575458
6.9584937
6.9730144
7.231437
7.405394
7.3997707
7.4907074
7.562598
7.5878134
7.8347588
7.949037
8.242759
8.159434
8.207591
8.182029
8.038648
8.08807
8.238558
8.300396
8.274792
8.231157
8.502648
8.402313
8.329925
8.299692
8.227012
8.177339
8.122087
8.115588
8.1922245
8.135281
8.112402
8.0527935
7.9743886
7.9109716
8.049882
7.981888
7.9754405
7.9833946
7.9042044
7.8552003
7.78082
7.7483807
7.6529627
7.595667
7.6487765
7.5629716
7.586228
7.50424
7.6164618
7.56009
7.563169
7.609314
7.5907784
7.550301
7.566706
7.5004196
7.580292
7.528427
7.5580277
7.609461
7.5432463
7.503538
7.6096573
7.49375
7.49506
7.416785
7.4121504
7.393703
7.4151974
7.2809095
7.3273287
7.372445
7.336855
7.2995834
7.3935304
7.32115
7.2612042
7.2610583
7.340756
7.3543015
7.3380084
7.3717337
7.398901
7.508573
7.538267
7.3181987
7.3887157
7.3032146
7.2736764
7.316769
7.265762
7.1667333
7.127184
7.114278
7.1241508
7.0333734
7.105095
7.1026506
7.0871663
7.121438
7.012429
7.185803
7.0506225
7.0187244
6.9175816
6.8718376
6.794256
6.7783675
6.673889
6.5295076
6.885119
6.598226
6.696674
6.555719
6.569548
6.558917
6.3650427
6.36687
6.412646
6.3875523
6.2515125
6.3362036
6.25565
6.5286694
6.4319797
6.5967426
6.223611
6.461956
6.6041636
6.6277046
6.694868
6.503494
6.658503
6.5326786
6.8279004
6.6969786
6.725003
6.4850445
6.794491
6.592379
6.7727346
6.7345138
6.692289
6.658492
6.6734343
6.7085576
6.6976852
6.627769
6.560336
6.6720605
6.705097
6.5682945
6.6425366
6.454467
6.7423725
6.634688
6.8504295
6.4775248
6.860688
6.7910137
6.7334175
6.7401924
6.366429
6.659014
6.549228
6.5555234
6.505156
6.6030803
6.5631
6.7550616
6.7437506
6.555622
6.5062633
6.6864023
6.6143723
6.7168493
6.63663
6.5950265
6.7601643
6.790248
6.6321087
6.7011895
6.6817975
6.6338825
6.569307
6.6790886
6.4680834
6.616705
6.8186235
6.6834383
6.58414
6.7322364
6.7244625
6.664758
6.6466265
6.5365286
6.634454
6.5120063
6.7011695
6.692739
6.608181
6.5613623
6.568243
6.4549727
6.4396577
6.636961
6.2819924
6.429124
6.507171
6.317816
6.4280076
6.2584987
6.343719
6.451196
6.15812
6.3111763
6.1801333
6.5182247
6.4248333
6.426107
6.380328
6.405952
6.5189886
6.4739823
6.3786926
6.5364685
6.5990505
6.6089573
6.2312565
6.67767
6.4755235
6.562091
6.454318
6.562215
6.3686323
6.61648
6.55165
6.536045
6.4560146
6.5062647
6.441706
6.546832
6.3598585
6.5755334
6.2868004
6.520904
6.3057857
6.5191393
6.528515
6.356473
6.4044404
6.428105
6.502173
6.4454875
6.3732553
6.28817
6.2879653
6.359145
6.379868
6.367891
6.312513
6.438939
6.3514977
6.3556366
6.2002525
6.4671655
6.458406
6.4940786
6.5378437
6.6110306
6.5196695
6.52455
6.5961432
6.5966673
6.674217
6.921746
6.8479156
6.8743234
6.814503
6.8872247
6.8603697
6.845896
6.8879533
6.911027
6.941843
7.126245
6.9443407
7.115904
6.9473104
7.0131726
6.8575535
6.905281
6.9326096
6.9549694
6.8364196
6.7979107
6.9139347
6.966111
6.850078
6.891142
6.802238
6.8075557
6.800099
6.7040167
6.6800704
6.588518
6.6320515
6.7631526
6.7644434
6.702672
6.675187
6.7787814
6.5863295
6.694194
6.6625776
6.6636314
6.4949813
6.5989566
6.6477737
6.529649
6.5589604
6.6558146
6.5733337
6.6678314
6.7061315
6.700575
6.7708817
6.736641
6.6336293
6.6829634
6.6513557
6.828012
6.587133
6.79098
6.6086416
6.6562243
6.658313
6.767268
6.6020794
6.645547
6.7299056
6.7892566
6.6395535
6.7972264
6.89511
6.8193603
6.7155356
6.6345506
6.7005525
7.011129
6.8884025
6.8154783
6.8720427
6.9658647
6.829153
6.8885717
6.9413204
7.011171
6.936378
7.134065
7.02403
6.900437
6.81114
6.8892727
6.907706
6.717273
6.7968245
6.928893
6.886945
6.88231
6.901615
6.853017
6.985055
6.774981
7.01495
6.8165946
6.842286
6.8968
6.7188826
6.937818
6.779311
6.658255
6.9053993
6.925022
6.7462673
6.8247747
6.8514986
6.842296
7.0558987
6.7643857
6.861896
6.81769
6.936263
6.71605
6.9345417
6.819237
6.955823
6.898038
6.9712033
6.967694
6.903756
7.059668
7.023032
6.948045
7.0922103
7.0309687
7.1724153
7.2883897
7.0069532
7.408155
7.302298
7.2692003
7.2283087
7.324692
7.18454
7.27919
7.1788197
7.396044
7.3781743
7.454357
7.415466
7.4337983
7.3434105
7.1625967
7.20664
7.114869
7.3481445
7.388715
7.4046226
7.2389197
7.1460986
7.205413
7.38326
7.123315
7.152998
7.1410503
7.103904
6.927342
6.9893465
6.9872065
6.9830728
7.0003257
7.0524387
6.9956837
7.156543
6.92014
6.9336076
6.92562
6.933297
7.047907
6.968267
6.9055834
6.927393
6.900238
6.9323516
6.9848275
6.9324627
6.9935155
7.0122466
6.915934
6.87715
6.7838993
6.9274898
7.02188
6.960077
6.8568196
6.84916
6.8739805
6.805909
7.0232105
6.976796
7.1620784
6.98554
7.0594335
7.1726813
7.117077
7.0843477
6.9840612
7.0516305
7.0818725
7.13322
7.2462
7.2531347
7.4447145
7.247702
7.385884
7.3881187
7.348054
7.3549848
7.3069606
7.295226
7.4084196
7.4072185
7.32407
7.134915
7.1402802
7.348753
7.326952
7.3860836
7.301414
7.352852
7.1397324
7.2567964
7.180417
7.384012
7.327613
7.320225
7.2698503
6.9508324
6.823451
7.064784
7.07481
7.0156984
6.9751663
6.999586
6.7916307
6.7020082
6.8624544
6.8348713
6.796733
6.8540964
6.777721
6.7045083
6.879064
6.880415
6.8754573
6.8202252
6.922157
6.867433
7.0032434
6.7499814
6.8869286
6.9590297
6.842789
6.899884
6.9315467
7.052388
6.875187
6.86619
6.810233
6.9693336
6.959054
7.0938783
6.8518467
7.052308
6.92883
6.8853545
7.1637826
7.0542946
7.0223475
7.0357895
7.285042
7.214948
7.3472357
7.0678525
7.321266
7.0774026
7.2450314
7.396983
7.3416286
7.5042806
7.4108496
7.3179936
7.410919
7.5764875
7.299331
7.4687552
7.461245
7.430969
7.2848434
7.4454074
7.517765
7.3309574
7.321741
7.371325
7.2399135
7.2431912
7.3046875
7.40035
7.382713
7.3304067
7.229532
7.231661
7.08255
7.166547
7.144628
7.038232
6.853929
6.86531
6.9836235
6.915767
6.892351
6.8772607
6.8882637
6.897458
6.9143004
6.869504
6.8018456
6.6990128
6.8974304
6.687386
6.816019
6.8357716
6.9671516
6.8479013
6.831818
6.9609303
6.790308
6.8586974
7.007166
6.839414
6.9313493
6.960084
7.0076756
6.854332
6.910554
6.945681
7.021123
6.9804773
6.8580484
6.986864
6.8923965
7.085464
7.085621
7.0001173
7.2122583
6.9292383
7.1801505
6.99615
7.229884
7.191236
7.1744103
7.049996
7.0670495
7.0812387
7.101828
7.405813
7.3401427
7.3389125
7.335066
7.352516
7.3698997
7.4313784
7.168217
7.216304
7.284224
7.242711
7.2976785
7.2234974
7.2528563
7.1331797
7.3755927
7.044983
7.1768804
7.1144896
7.1324134
7.196103
7.2424445
7.1254306
7.025283
7.05789
7.209339
6.9709334
7.018936
7.0476594
6.957134
7.0678835
7.0342693
6.897909
6.89004
6.854302
6.8382363
6.734707
6.906773
6.786427
6.9848957
6.7337027
6.917363
6.8604856
6.877797
6.8685894
7.1750836
7.200717
7.160557
7.059591
6.8478794
6.562827
6.460951
6.6084805
6.605036
6.191396
6.0069246
5.680371
5.3307385
5.4387054
2.1732633
2.412075
1.7036899
1.2423877
2.138202
2.6892383
1.3672411
2.6033292
1.9747372
2.3010273
2.6247883
1.5935127
2.7006695
2.1978998
2.4563835
2.944563
2.2607355
2.677103
1.3931383
1.4397597
1.0169051
2.6977954
1.3745787
1.5896527
1.399866
2.863372
1.0376126
3.0191321
1.6216122
1.2467936
1.3097452
4.4145155
3.1260762
2.4642706
1.6282607
1.9755126
1.8477818
0.88388157
2.091317
2.8961542
3.1992774
2.5081854
2.6404183
1.8530906
2.2367177
2.0946438
1.3866562
1.8543421
3.9321086
1.8375316
2.8777542
2.6425729
1.8183775
2.0360646
3.5183773
2.4164922
1.1171737
1.5045031
1.9362265
1.8642739
1.4425585
2.9171224
3.3342872
3.427731
2.4663496
3.3553014
3.10809
1.9335761
1.3326012
2.864595
0.9907615
2.6618996
1.7252675
1.4354267
1.188948
2.1461911
1.7589083
2.7238495
1.4390075
2.0676112
1.2986116
2.0890245
2.9739063
0.9527827
1.1062422
1.7646939
2.3150368
1.0558915
0.8528302
2.4591928
2.3433633
1.9775919
1.1913155
2.5547662
1.2916083
3.7666128
2.8912747
2.3805344
1.6097609
2.4478788
1.1649688
1.931732
2.9688265
1.9791964
3.0934603
3.1102529
2.3788443
1.4535587
3.2511876
2.2132928
2.1560383
1.3440223
2.080946
1.8637228
2.3347034
2.341706
2.2741299
2.8509111
2.9521759
2.553476
1.9628874
1.3338923
1.9567869
2.5507786
1.635521
2.0742419
1.4621528
1.6116958
2.3390393
1.0221922
1.3111776
1.2656045
3.0190275
2.2964594
2.9234893
2.3740776
1.2450328
1.4227557
2.5430634
1.4109533
0.70513844
2.2944114
5.0631013
5.361335
7.718126
7.7176385
7.76361
7.739576
7.745746
7.8378925
7.8117933
7.6938286
7.7801385
7.669666
7.6800475
7.631077
7.628255
7.374842
7.338631
7.492322
7.4934306
7.523532
7.449478
7.3212805
7.4150925
7.411416
7.5005255
7.2126756
7.363915
7.246696
7.309514
7.2159634
7.3873057
7.3267984
7.077002
7.4626937
7.3342175
7.470937
7.2656784
7.376099
7.3469176
7.4384065
7.4298954
7.242287
7.386505
7.2245145
7.2813783
7.3682995
7.3513136
7.4176197
7.4328756
7.537319
7.4746623
7.5040407
7.4667344
7.607902
7.5869217
7.5155993
7.499618
7.6648664
7.7100444
7.8679843
7.730618
7.783965
7.744403
7.83164
7.795916
7.7209287
7.847069
7.7535553
7.6742654
7.604779
7.511938
7.3834925
7.6122537
7.666053
7.581741
7.6890693
7.541232
7.6244516
7.479802
7.452797
7.4702063
7.2607384
7.4002905
7.3527765
7.36826
7.3767657
7.464113
7.439648
7.4436955
7.4458256
7.511524
7.665191
7.4208927
7.413574
7.477515
7.4780693
7.618967
7.502315
7.5538015
7.7576427
7.6691437
7.83392
7.836115
7.9346433
7.749609
7.6739216
7.7341
7.74403
7.855708
7.754457
7.902365
7.7970304
7.794653
7.8983064
7.65452
7.706253
7.770324
7.583643
7.720042
7.608713
7.7768593
7.5180426
7.6610136
7.6269064
7.524755
7.618557
7.606731
7.371584
7.3877807
7.548476
7.343149
7.500449
7.426893
7.249773
7.4571815
7.478255
7.4644084
7.4244576
7.246936
7.297754
7.5571947
7.445413
7.3163795
7.5031686
7.7708397
7.6071496
7.8377137
7.6679077
7.7372284
7.7505255
7.868206
7.765635
7.8667536
7.8531194
7.957273
7.8488026
7.9149227
7.7464476
7.6784477
7.7731085
7.7535563
7.475156
7.6642265
7.558755
7.6232333
7.6270523
7.419755
7.523168
7.626598
7.2759943
7.4403996
7.461768
7.4188204
7.4742675
7.4099917
7.5326343
7.3216496
7.445846
7.328615
7.4757614
7.516178
7.4237394
7.3711066
7.230754
7.5030093
7.5497184
7.5147386
7.6051774
7.709246
7.692108
7.532991
7.796124
7.778032
7.8164763
7.9450803
7.9579024
7.932315
7.9071627
7.7763033
7.844711
7.8534393
7.952669
7.796631
7.6743474
7.611195
7.615106
7.8308883
7.68932
7.652827
7.5457606
7.4682946
7.4521112
7.3849516
7.272782
7.1889305
7.2741656
7.255874
7.357911
7.4280252
7.226734
7.3436503
7.3351107
7.312529
7.47472
7.422195
7.27565
7.506893
7.3770504
7.6503363
7.643013
7.6185803
7.5767326
7.7493634
7.561166
7.6569057
7.645649
7.7133493
7.725629
7.5804825
7.7584257
7.706895
7.584775
7.4782896
7.6457148
7.6265626
7.407736
7.4457393
7.0995655
7.234136
7.1483884
7.1964855
7.023962
7.3030524
7.2871704
7.299968
7.0384774
7.08943
7.102315
6.9897823
7.2541213
7.1020823
7.4526076
7.193149
7.363233
7.3638897
7.373638
7.5595865
7.544712
7.32695
7.5670643
7.429472
7.568691
7.462554
7.730788
7.669546
7.592568
7.7659163
7.5699306
7.454349
7.548603
7.6861606
7.582282
7.623739
7.3210793
7.378568
7.5969563
7.221018
6.9626446
7.4199476
7.2738237
7.008345
7.052601
7.040716
6.66358
7.1047997
7.0527673
6.9933476
6.920189
6.897499
6.971883
7.011896
7.044799
7.030557
7.091444
7.096243
7.133269
7.3005147
7.1334143
7.2119217
7.5459404
7.41588
7.6697183
7.5118465
7.6241913
7.741482
7.584042
7.1220717
7.3546777
7.299114
7.13325
7.3262315
7.192894
7.0976686
7.1893663
7.115157
7.203879
6.9868193
6.962309
7.278941
6.9745817
7.0212064
6.9077997
6.948912
6.8914847
6.901496
6.7394867
7.006213
6.8731246
6.777023
7.0579576
7.182421
7.126227
7.3215957
6.8168707
6.829868
6.947605
7.0520406
7.3168736
7.379978
7.418661
7.2925854
7.453449
7.334775
7.258125
7.5669427
7.080408
7.143529
7.3488927
7.3778253
7.243413
7.1305633
7.1805916
7.2995434
7.17209
7.1791935
7.1195984
7.173615
6.807287
6.872795
6.6237674
6.706931
6.6251345
6.79354
6.8114524
6.769076
6.6316853
6.7564316
6.8980494
6.6936026
6.721342
6.787754
6.9033937
7.055788
6.902812
7.0524364
7.247101
7.327677
7.0891867
7.1239495
7.0232253
7.12665
7.042688
7.034885
7.110073
6.8024874
6.7940035
6.9227457
6.864397
6.7566805
6.7684627
7.212778
6.640091
6.771244
6.6893578
6.896326
6.5995903
6.4993796
6.534458
6.4036465
6.700495
6.7502956
6.3870196
6.540964
6.577421
6.6176105
6.7363453
6.865401
6.684416
6.9306564
6.8088784
6.972571
6.8636584
6.904066
7.0813155
6.942496
6.677705
6.693902
6.725116
6.7254424
6.5802507
6.620052
6.6024475
6.391077
6.7270327
6.5178385
6.3262153
6.411922
6.4096136
6.386855
6.167335
6.254091
6.2289896
6.3339944
6.0566945
5.9742384
6.1107965
6.367454
6.286872
6.057428
6.2868805
6.2619605
6.08256
6.210779
6.16499
6.06875
6.1968384
6.2699075
6.25924
6.289086
6.055055
6.2779007
6.377654
6.233384
6.3439097
6.302626
6.438153
6.1569967
6.1861076
6.1741076
6.097752
6.2039948
6.34256
6.3159323
6.3423924
6.266526
6.2257195
6.100792
6.2237234
6.1441994
6.1454477
6.242099
6.007066
6.0903254
6.031153
5.866391
5.867604
5.9149294
5.989687
5.9070816
6.067724
5.99193
5.723677
5.8226633
5.8839355
5.8661757
6.016603
5.784518
5.7415075
5.864204
5.9552464
5.837999
6.067702
6.330012
6.0623755
6.054981
6.231027
6.128394
6.1259227
6.20071
6.1443787
6.0486736
5.959845
6.24294
6.2325525
6.238779
6.345032
6.438084
6.1434274
6.339278
6.275036
6.30617
6.3952823
6.38194
6.485073
6.490052
6.400996
6.4375577
6.518034
6.4297857
6.436243
6.3182755
6.403159
6.3880124
6.2450233
6.5510473
6.4012156
6.483418
6.399915
6.239463
6.5301776
6.385363
6.466143
6.4825964
6.458049
6.4658804
6.3194256
6.76677
6.3922415
6.340257
6.2972846
6.215453
6.158269
6.1475635
6.4549985
6.459943
6.619186
6.385831
6.457849
6.507294
6.362897
6.482328
6.322532
6.586667
6.3777266
6.5111146
6.3519588
6.4225144
6.576465
6.2825465
6.1772633
6.3064003
6.666082
6.5410085
6.6073766
6.7437015
6.6519012
6.500977
6.531264
6.51451
6.571583
6.439742
6.724352
6.7289934
6.7055054
6.9155307
6.7387505
6.9723563
6.5512333
6.592731
6.55219
6.8887186
6.3713207
6.4900765
6.635099
6.4345765
6.4702272
6.317353
6.430201
6.5008917
6.435324
6.56421
6.676648
6.63675
6.5079293
6.5961823
6.6061068
6.4760594
6.4203677
6.589974
6.688981
6.6601515
6.910811
6.7306223
6.6967974
6.965255
6.651196
6.743762
6.756096
6.801548
6.972396
6.678515
6.6094103
6.719548
6.692841
6.673458
6.8369255
6.830415
6.8091197
6.632393
6.8171487
6.614413
6.71776
6.6700077
6.590649
6.5256295
6.4251738
6.590469
6.721143
6.7281795
6.721184
6.606568
6.7467318
6.5661063
6.6420126
6.683355
6.4696894
6.849126
6.5699296
6.8173404
6.6565056
6.645957
6.794258
6.7350225
6.3324814
6.4795547
6.4794817
6.883801
6.662298
6.60395
6.641866
6.5108433
6.5799494
6.549158
6.464406
6.4006605
6.3902683
6.076971
6.168169
5.760343
5.9664288
5.9794464
6.114865
6.1822534
6.0916743
6.1924677
6.026214
6.1661596
6.160121
6.0485744
6.0043283
6.2075167
6.084532
5.908746
5.9544997
5.953873
6.0434723
5.98484
5.9996433
6.2404904
6.1039505
6.1491647
6.1165447
6.0696263
6.3192897
6.042613
6.1341133
6.1148233
6.220649
6.127969
6.1700344
6.062001
6.044278
6.072543
6.2462826
6.0803924
6.034148
5.9542336
6.021067
5.8899727
5.9353657
6.0646944
6.0091186
5.930239
5.970768
5.8709793
5.8713136
5.889863
5.850977
5.8118625
5.9413147
5.725877
5.909369
5.857341
5.734197
5.812259
5.823518
5.8902307
6.0067377
5.95027
5.7793684
5.783761
5.876441
5.6442633
5.9274063
5.9119673
6.0116158
5.9702787
5.967232
5.7326174
5.548004
5.7753406
5.919587
5.855076
5.7352333
5.7493486
5.815285
5.895018
5.9738503
5.782374
5.763225
5.826531
5.909299
5.9247227
5.7855086
5.715491
5.8355327
5.8609533
5.694883
5.863512
5.8338175
5.849149
5.816029
6.0960445
5.899912
5.9628444
5.768058
5.916518
5.9277377
5.905198
5.819461
6.0263147
5.8085194
6.0635185
5.9599295
5.9518785
6.1241264
6.041248
5.8015127
5.822668
6.111701
6.1552963
5.932377
6.0080194
6.141724
6.118443
6.084458
5.938092
5.867008
6.125943
5.895806
5.9632373
6.016343
5.985101
5.970288
6.022564
5.745243
5.9724026
5.7725954
6.2819934
5.86736
5.7297554
5.8560705
5.6898518
5.6334667
5.814921
5.8879747
5.802328
5.72919
5.704834
5.597717
5.828431
5.7157397
5.80992
5.901068
5.80772
5.826323
6.02458
5.928134
6.1534452
5.538424
5.835186
5.8843727
5.58854
5.655601
5.732319
5.929677
5.5647836
5.6895704
5.6165876
5.7022986
5.51315
5.5870557
5.462514
5.5611787
5.594942
5.380247
5.4415736
5.21366
5.7615623
5.3353214
5.4368343
5.411019
5.498108
5.3954315
5.5766964
5.526926
5.5134807
5.4350843
5.5559783
5.1609335
5.5750504
5.501172
5.312315
5.5732293
5.559199
5.3862877
5.474201
5.5556955
5.64992
5.3534203
5.5657525
5.594178
5.5807414
5.365037
5.7457275
5.4791403
5.325531
5.4963374
5.3869452
5.202363
5.339814
5.3981743
5.4426923
5.372802
5.0480385
5.297334
5.266148
5.2150135
5.267181
4.978174
5.236451
5.37864
5.518414
5.159046
5.7103114
5.5818267
5.2682824
5.416695
5.594391
5.701213
5.5403414
5.564797
5.5077863
5.5295978
5.69182
5.444259
5.1865206
5.750919
5.335369
5.347969
5.273942
5.465652
5.5192966
5.4620113
5.363945
5.1017528
5.420811
5.534605
5.534303
5.466542
5.1401467
5.5254173
5.3630147
5.313094
5.5408974
5.0902686
5.1893387
5.4260206
5.285599
5.209406
5.2654667
5.082321
5.124773
5.09377
5.276149
5.3071346
5.2488117
5.3461447
5.4641123
5.2631106
5.3299937
5.361785
5.418058
5.3524184
5.3968563
5.281208
5.2934217
5.345446
5.371084
5.2239647
5.2537603
5.277771
5.21089
5.0720525
5.263208
5.111873
5.2090664
5.0909567
5.0564833
5.313944
5.2212925
5.231697
