10000
9.851137
9.834766
9.782599
9.812405
9.761914
9.796153
9.769943
9.749743
9.728018
9.62072
9.579968
9.557968
9.542389
9.457878
9.483251
9.416344
9.435957
9.337912
9.245485
9.212648
9.223405
9.252908
9.129717
9.022008
9.120184
9.0864525
9.110327
9.0161495
8.935708
8.921913
8.812973
8.815264
8.709947
8.710626
8.612613
8.611838
8.503705
8.385309
8.297818
8.352649
8.370876
8.2004795
8.099696
8.055511
8.045299
7.891272
7.7724805
7.8147793
7.615676
7.538988
7.275063
7.4940786
7.3265996
7.1528726
7.0724626
7.0072923
6.989936
6.8531337
6.9441466
6.9551315
7.0372324
7.0034447
6.9390793
6.7843485
6.945075
6.8482227
6.8268523
6.851306
6.8888526
6.957365
6.9360986
7.0075636
6.957744
6.948209
6.9973364
6.9781656
7.1082115
6.991316
7.0609126
6.7981353
7.050455
6.8970003
6.978985
6.8521533
7.004354
6.8453555
6.902952
7.026513
6.9575458
6.9584937
6.9730144
7.231437
7.405394
7.3997707
7.4907074
7.562598
7.5878134
7.8347588
7.949037
8.242759
8.159434
8.207591
8.182029
8.038648
8.08807
8.238558
8.300396
8.274792
8.231157
8.502648
8.402313
8.329925
8.299692
8.227012
8.177339
8.122087
8.115588
8.1922245
8.135281
8.112402
8.0527935
7.9743886
7.9109716
8.049882
7.981888
7.9754405
7.9833946
7.9042044
7.8552003
7.78082
7.7483807
7.6529627
7.595667
7.6487765
7.5629716
7.586228
7.50424
7.6164618
7.56009
7.563169
7.609314
7.5907784
7.550301
7.566706
7.5004196
7.580292
7.528427
7.5580277
7.609461
7.5432463
7.503538
7.6096573
7.49375
7.49506
7.416785
7.4121504
7.393703
7.4151974
7.2809095
7.3273287
7.372445
7.336855
7.2995834
7.3935304
7.32115
7.2612042
7.2610583
7.340756
7.3543015
7.3380084
7.3717337
7.398901
7.508573
7.538267
7.3181987
7.3887157
7.3032146
7.2736764
7.316769
7.265762
7.1667333
7.127184
7.114278
7.1241508
7.0333734
7.105095
7.1026506
7.0871663
7.121438
7.012429
7.185803
7.0506225
7.0187244
6.9175816
6.8718376
6.794256
6.7783675
6.673889
6.5295076
6.885119
6.598226
6.696674
6.555719
6.569548
6.558917
6.3650427
6.36687
6.412646
6.3875523
6.2515125
6.3362036
6.25565
6.5286694
6.4319797
6.5967426
6.223611
6.461956
6.6041636
6.6277046
6.694868
6.503494
6.658503
6.5326786
6.8279004
6.6969786
6.725003
6.4850445
6.794491
6.592379
6.7727346
6.7345138
6.692289
6.658492
6.6734343
6.7085576
6.6976852
6.627769
6.560336
6.6720605
6.705097
6.5682945
6.6425366
6.454467
6.7423725
6.634688
6.8504295
6.4775248
6.860688
6.7910137
6.7334175
6.7401924
6.366429
6.659014
6.549228
6.5555234
6.505156
6.6030803
6.5631
6.7550616
6.7437506
6.555622
6.5062633
6.6864023
6.6143723
6.7168493
6.63663
6.5950265
6.7601643
6.790248
6.6321087
6.7011895
6.6817975
6.6338825
6.569307
6.6790886
6.4680834
6.616705
6.8186235
6.6834383
6.58414
6.7322364
6.7244625
6.664758
6.6466265
6.5365286
6.634454
6.5120063
6.7011695
6.692739
6.608181
6.5613623
6.568243
6.4549727
6.4396577
6.636961
6.2819924
6.429124
6.507171
6.317816
6.4280076
6.2584987
6.343719
6.451196
6.15812
6.3111763
6.1801333
6.5182247
6.4248333
6.426107
6.380328
6.405952
6.5189886
6.4739823
6.3786926
6.5364685
6.5990505
6.6089573
6.2312565
6.67767
6.4755235
6.562091
6.454318
6.562215
6.3686323
6.61648
6.55165
6.536045
6.4560146
6.5062647
6.441706
6.546832
6.3598585
6.5755334
6.2868004
6.520904
6.3057857
6.5191393
6.528515
6.356473
6.4044404
6.428105
6.502173
6.4454875
6.3732553
6.28817
6.2879653
6.359145
6.379868
6.367891
6.312513
6.438939
6.3514977
6.3556366
6.2002525
6.4671655
6.458406
6.4940786
6.5378437
6.6110306
6.5196695
6.52455
6.5961432
6.5966673
6.674217
6.921746
6.8479156
6.8743234
6.814503
6.8872247
6.8603697
6.845896
6.8879533
6.911027
6.941843
7.126245
6.9443407
7.115904
6.9473104
7.0131726
6.8575535
6.905281
6.9326096
6.9549694
6.8364196
6.7979107
6.9139347
6.966111
6.850078
6.891142
6.802238
6.8075557
6.800099
6.7040167
6.6800704
6.588518
6.6320515
6.7631526
6.7644434
6.702672
6.675187
6.7787814
6.5863295
6.694194
6.6625776
6.6636314
6.4949813
6.5989566
6.6477737
6.529649
6.5589604
6.6558146
6.5733337
6.6678314
6.7061315
6.700575
6.7708817
6.736641
6.6336293
6.6829634
6.6513557
6.828012
6.587133
6.79098
6.6086416
6.6562243
6.658313
6.767268
6.6020794
6.645547
6.7299056
6.7892566
6.6395535
6.7972264
6.89511
6.8193603
6.7155356
6.6345506
6.7005525
7.011129
6.8884025
6.8154783
6.8720427
6.9658647
6.829153
6.8885717
6.9413204
7.011171
6.936378
7.134065
7.02403
6.900437
6.81114
6.8892727
6.907706
6.717273
6.7968245
6.928893
6.886945
6.88231
6.901615
6.853017
6.985055
6.774981
7.01495
6.8165946
6.842286
6.8968
6.7188826
6.937818
6.779311
6.658255
6.9053993
6.925022
6.7462673
6.8247747
6.8514986
6.842296
7.0558987
6.7643857
6.861896
6.81769
6.936263
6.71605
6.9345417
6.819237
6.955823
6.898038
6.9712033
6.967694
6.903756
7.059668
7.023032
6.948045
7.0922103
7.0309687
7.1724153
7.2883897
7.0069532
7.408155
7.302298
7.2692003
7.2283087
7.324692
7.18454
7.27919
7.1788197
7.396044
7.3781743
7.454357
7.415466
7.4337983
7.3434105
7.1625967
7.20664
7.114869
7.3481445
7.388715
7.4046226
7.2389197
7.1460986
7.205413
7.38326
7.123315
7.152998
7.1410503
7.103904
6.927342
6.9893465
6.9872065
6.9830728
7.0003257
7.0524387
6.9956837
7.156543
6.92014
6.9336076
6.92562
6.933297
7.047907
6.968267
6.9055834
6.927393
6.900238
6.9323516
6.9848275
6.9324627
6.9935155
7.0122466
6.915934
6.87715
6.7838993
6.9274898
7.02188
6.960077
6.8568196
6.84916
6.8739805
6.805909
7.0232105
6.976796
7.1620784
6.98554
7.0594335
7.1726813
7.117077
7.0843477
6.9840612
7.0516305
7.0818725
7.13322
7.2462
7.2531347
7.4447145
7.247702
7.385884
7.3881187
7.348054
7.3549848
7.3069606
7.295226
7.4084196
7.4072185
7.32407
7.134915
7.1402802
7.348753
7.326952
7.3860836
7.301414
7.352852
7.1397324
7.2567964
7.180417
7.384012
7.327613
7.320225
7.2698503
6.9508324
6.823451
7.064784
7.07481
7.0156984
6.9751663
6.999586
6.7916307
6.7020082
6.8624544
6.8348713
6.796733
6.8540964
6.777721
6.7045083
6.879064
6.880415
6.8754573
6.8202252
6.922157
6.867433
7.0032434
6.7499814
6.8869286
6.9590297
6.842789
6.899884
6.9315467
7.052388
6.875187
6.86619
6.810233
6.9693336
6.959054
7.0938783
6.8518467
7.052308
6.92883
6.8853545
7.1637826
7.0542946
7.0223475
7.0357895
7.285042
7.214948
7.3472357
7.0678525
7.321266
7.0774026
7.2450314
7.396983
7.3416286
7.5042806
7.4108496
7.3179936
7.410919
7.5764875
7.299331
7.4687552
7.461245
7.430969
7.2848434
7.4454074
7.517765
7.3309574
7.321741
7.371325
7.2399135
7.2431912
7.3046875
7.40035
7.382713
7.3304067
7.229532
7.231661
7.08255
7.166547
7.144628
7.038232
6.853929
6.86531
6.9836235
6.915767
6.892351
6.8772607
6.8882637
6.897458
6.9143004
6.869504
6.8018456
6.6990128
6.8974304
6.687386
6.816019
6.8357716
6.9671516
6.8479013
6.831818
6.9609303
6.790308
6.8586974
7.007166
6.839414
6.9313493
6.960084
7.0076756
6.854332
6.910554
6.945681
7.021123
6.9804773
6.8580484
6.986864
6.8923965
7.085464
7.085621
7.0001173
7.2122583
6.9292383
7.1801505
6.99615
7.229884
7.191236
7.1744103
7.049996
7.0670495
7.0812387
7.101828
7.405813
7.3401427
7.3389125
7.335066
7.352516
7.3698997
7.4313784
7.168217
7.216304
7.284224
7.242711
7.2976785
7.2234974
7.2528563
7.1331797
7.3755927
7.044983
7.1768804
7.1144896
7.1324134
7.196103
7.2424445
7.1254306
7.025283
7.05789
7.209339
6.9709334
7.018936
7.0476594
6.957134
7.0678835
7.0342693
6.897909
6.89004
6.854302
6.8382363
6.734707
6.906773
6.786427
6.9848957
6.7337027
6.917363
6.8604856
6.877797
6.8685894
7.1750836
7.200717
7.160557
7.059591
6.8478794
6.562827
6.460951
6.6084805
6.605036
6.191396
6.0069246
5.680371
5.3307385
5.4387054
4.79856
4.4800506
3.1151135
3.8307302
3.481163
3.1614323
2.8890605
2.7824621
2.327184
2.2753494
2.3746154
2.3436835
2.0352626
2.8427336
2.8351922
2.4196997
2.854402
2.242376
2.4910007
2.882685
3.4545436
2.9692507
3.2482326
4.5247426
4.165891
4.3612647
4.0885353
4.122139
3.3737264
3.9555578
3.5782845
4.758619
3.0989935
5.927905
5.8244553
5.608944
5.3459387
5.529621
5.615198
5.7206855
6.5135517
6.8007736
6.959318
6.783846
6.7567286
6.955083
6.8863554
6.8662157
6.9936714
7.0755677
6.9457994
6.71077
7.0021243
7.1685414
6.892758
7.1364894
7.3380303
7.064136
7.2653017
7.0068774
7.1434216
7.189888
7.04571
7.1532235
7.1437783
6.9874344
7.1430182
7.1743464
7.129599
6.9497285
7.1062093
6.9197655
6.8830576
7.1544514
7.099062
7.3781385
7.2789197
7.280032
7.3181143
7.4930096
7.3736763
7.3145566
7.3158135
7.5467706
7.4042635
7.5518055
7.498904
7.590028
7.6095195
7.5738325
7.5184236
7.6212697
7.544976
7.4399996
7.5571184
7.5061207
7.5911837
7.4937615
7.540889
7.4999046
7.5694337
7.63245
7.5254245
7.4083896
7.5375705
7.4507904
7.405849
7.3580713
7.4812326
7.2604003
7.3209743
7.358369
7.067629
7.3420887
7.3223085
7.4474425
7.2764416
7.2300425
7.242935
7.3562055
7.366894
7.5586023
7.378545
7.334514
7.4533334
7.216075
7.505987
7.5840235
7.3606896
7.5937243
7.4507113
7.4957347
7.523154
7.4094625
7.6099734
7.4806294
7.2250967
7.617014
7.2333574
7.385746
7.5492425
7.464528
7.731645
7.74045
7.525663
7.8219457
7.6413293
7.8264065
7.6548643
7.8770504
7.8421345
7.6938286
7.7692046
7.630647
7.6856427
7.6312833
7.695135
7.615323
7.3571076
7.6946435
7.535454
7.5167513
7.4168863
7.5046263
7.424062
7.55465
7.468598
7.324113
7.3551846
7.3178496
7.2783966
7.274612
7.497588
7.3196554
7.077002
7.4626937
7.3342175
7.3788357
7.346294
7.376099
7.2152033
7.382892
7.358829
7.242287
7.320522
7.3879423
7.2595587
7.344919
7.3237205
7.406229
7.4328756
7.537319
7.4746623
7.4911203
7.601675
7.657991
7.570947
7.5176153
7.499618
7.6648664
7.7100444
7.9405327
7.7098346
7.783965
7.729049
7.780909
7.830229
7.7209287
7.847069
7.7535553
7.6742654
7.604779
7.511938
7.3834925
7.6122537
7.5512447
7.643864
7.6890693
7.525347
7.6253285
7.5334387
7.433385
7.4769506
7.261239
7.4002905
7.3274155
7.3763247
7.2505503
7.3694773
7.4370446
7.4159245
7.447735
7.4435086
7.647841
7.303041
7.3538055
7.4298935
7.4888783
7.607153
7.5416436
7.5368443
7.6299133
7.636562
7.7397966
7.761079
7.787222
7.6882887
7.666365
7.6447473
7.63985
7.8370247
7.758442
7.831202
7.844825
7.8559656
7.738236
7.6523867
7.725486
7.6233854
7.5516124
7.7462277
7.4139047
7.7438965
7.3820653
7.4532366
7.416502
7.3346972
7.47349
7.5304484
7.2902975
7.250725
7.3355374
7.09325
7.2680016
7.276466
7.1611423
7.4495535
7.4016113
7.2971106
7.4766088
7.1324673
7.3150625
7.444156
7.445413
7.366319
7.3597927
7.701413
7.6071496
7.8377137
7.6679077
7.7372284
7.7505255
7.868206
7.765635
7.8667536
7.7822657
7.965221
7.8147216
7.907109
7.7097807
7.675693
7.6656733
7.926778
7.5383983
7.778632
7.7700033
7.652995
7.6560936
7.589926
7.610231
7.5094633
7.5340405
7.3883142
7.576159
7.6087866
7.3988605
7.5442863
7.562495
7.3799496
7.2530847
7.4019527
7.371073
7.4300117
7.3122916
7.4824667
7.2916207
7.357697
7.551873
7.574651
7.6756744
7.6682787
7.564892
7.612381
7.85097
7.9092317
7.966854
7.9931555
7.9827952
7.8882036
7.882379
7.823247
7.909403
7.9703565
7.911271
7.970968
7.7221284
7.7345448
7.8095655
7.7920246
7.56305
7.44447
7.4587803
7.4528418
7.5088615
7.410382
7.3195047
7.256738
7.306748
7.363292
7.236954
7.3641434
7.226734
7.3436503
7.1827846
7.427801
7.419934
7.434313
7.263701
7.5417814
7.4978905
7.607827
7.6430006
7.527109
7.7245092
7.688442
7.588929
7.7439976
7.645649
7.7133493
7.594344
7.6459026
7.622143
7.659795
7.838335
7.4250827
7.6848173
7.4066696
7.389331
7.4457393
7.0995655
7.234136
7.2323236
7.0390515
7.1097136
7.3030524
7.2102346
7.301618
6.949127
7.261489
7.07434
6.978725
7.2235026
7.075404
7.3819184
7.205131
7.3822527
7.391184
7.3730474
7.4916444
7.6509886
7.3204107
7.487102
7.430116
7.5735855
7.5134635
7.479154
7.737935
7.7162123
7.801848
7.576366
7.577268
7.4902954
7.669915
7.579875
7.50416
7.3512845
7.1884217
7.3409386
7.1463842
7.0279737
7.239501
7.0319924
7.0567236
7.296302
7.0133142
6.9541044
7.0408845
6.994156
6.7323513
7.0563536
7.0065813
6.937225
6.9324617
6.9754014
7.160012
7.385783
7.0741205
7.4256277
7.219175
7.410291
7.1507015
7.546459
7.358097
7.6424065
7.466498
7.5635853
7.7079525
7.5526514
7.046114
7.292944
7.2952814
7.1098676
7.483572
7.473146
6.9914846
7.126483
6.9836807
7.2050176
6.878705
6.8880434
7.0267577
6.903905
6.6952124
6.8811193
7.041736
7.1013064
7.09226
6.7394867
7.006213
6.8731246
6.8251104
7.0579576
7.182421
7.126227
7.3215957
6.6746016
6.9321413
6.947605
7.0520406
7.0037007
7.231845
7.342507
7.2925854
7.4447007
7.6558967
7.2743926
7.5261106
7.2344027
7.458408
7.3956866
7.423332
7.487725
7.1522045
7.251483
7.200447
7.286353
7.347032
7.1041727
7.1106305
6.9572487
6.70393
6.7122517
6.822604
6.8694644
6.801546
6.738375
6.719744
6.5525184
6.6629314
6.5788007
6.6428585
6.659205
6.8973813
7.0082927
6.9464417
7.0166774
7.0524364
7.0837383
7.0591106
6.9223638
7.1239495
7.0232253
7.12665
7.042688
7.034885
7.0386
6.8523936
6.808687
6.884065
6.8192725
6.730188
6.6284337
6.9658966
6.6782355
6.651882
6.439602
6.6425457
6.510225
6.3342466
6.490463
6.396467
6.543045
6.583452
6.386492
6.540964
6.577421
6.6027355
6.6701803
6.7548523
6.684416
6.8108525
6.8088784
6.810166
6.9175797
6.96783
7.066285
6.611732
6.793666
6.75618
6.5497155
6.549846
6.661864
6.806963
6.6024475
6.6402054
6.7270327
6.508783
6.307908
6.411922
6.4096136
6.328777
6.2695365
6.2141676
6.304978
6.145288
6.129756
6.1709237
6.1107965
6.2542543
6.286872
6.057428
6.4803348
6.310137
6.021372
6.286539
6.0378547
6.212926
6.110858
6.1222067
6.2891145
6.227215
6.281215
6.305632
6.377654
6.233384
6.3439097
6.302626
6.438153
6.1569967
6.1861076
6.3469033
6.097752
6.1416283
6.3838015
6.1144423
6.2405343
6.1635795
6.3091125
6.223979
6.2133303
6.2743826
6.286249
6.155984
6.007066
6.11539
5.991411
5.866391
5.927522
6.128996
5.7104053
5.9070816
5.911302
5.835744
5.723677
5.745689
5.7918253
5.7604933
5.9888167
5.784518
5.7302566
6.0417247
5.830224
5.8018236
6.105588
6.330012
6.0623755
6.054981
6.095058
6.2420363
6.1259227
6.20071
6.1443787
6.0486736
5.959845
6.2704873
6.2075887
6.2386107
6.345032
6.438084
6.29031
6.3183556
6.275036
6.2865424
6.45346
6.438205
6.485073
6.4671006
6.495742
6.501534
6.470663
6.3674927
6.5834107
6.363088
6.295428
6.3880124
6.341256
6.5298357
6.5383816
6.3322735
6.399915
6.357016
6.4418354
6.3482714
6.6071587
6.6208844
6.380862
6.4658804
6.445293
6.5107927
6.530409
6.416094
6.266862
6.215453
6.158269
6.094796
6.4081554
6.4217286
6.619186
6.385831
6.457849
6.5812225
6.57082
6.465475
6.4308186
6.586667
6.27899
6.3770475
6.450657
6.494074
6.664775
6.391621
6.3306766
6.2259927
6.6240993
6.4155765
6.6822824
6.8424983
6.6519012
6.493479
6.5303555
6.51451
6.695694
6.5879674
6.7234516
6.8523154
6.599283
6.870335
6.606908
6.8690953
6.5254827
6.5660114
6.7668386
6.721497
6.536489
6.357593
6.49538
6.391061
6.4308047
6.3002687
6.449914
6.4959126
6.497538
6.4243965
6.6747875
6.4379787
6.5978174
6.6211653
6.501527
6.578601
6.397665
6.6593475
6.5685396
6.591094
6.820774
6.837828
6.83848
6.9591765
6.689069
6.8910694
6.7534075
6.952667
6.9810147
6.8092136
6.837459
6.781345
6.8977494
6.776031
6.9045463
7.005159
6.7689633
6.8645473
6.8567734
6.7296247
6.72036
6.838043
6.695118
6.786408
6.547983
6.8910704
7.001332
6.99291
7.144617
7.060511
6.9245715
6.7034407
6.74586
6.673506
6.606041
6.6811757
6.9483957
6.836894
6.6329165
6.7139473
6.9019575
6.769726
6.603825
6.5704565
6.445635
6.760765
6.8661423
6.60395
6.6182766
6.5933375
6.7496758
6.576757
6.4741087
6.1805897
6.2056336
6.355914
5.845813
5.875725
5.9630365
5.7917275
6.1001935
6.143696
5.9313607
6.0391655
6.169383
5.994273
6.0267477
6.025202
5.871684
6.074747
5.924877
6.052633
5.845298
6.152817
6.0209084
6.021029
5.9996433
6.2404904
6.045198
6.062167
6.1407466
6.0478206
6.3010387
6.053385
6.2561374
6.1149325
6.0564346
6.0874186
6.218313
6.0806355
6.054394
6.117468
6.1681256
6.2547317
6.1012087
6.1402383
6.021067
5.8899727
5.9353657
6.0646944
5.933323
5.917213
5.907858
5.872467
5.7670326
6.062453
5.9541306
5.8876014
5.8972855
5.725877
5.8037806
5.8014708
5.740911
5.8557897
5.9114027
5.7886505
5.778254
5.9080515
5.7633696
5.8486795
5.848622
5.6926804
5.916307
5.8560133
5.9723496
5.987769
5.923497
5.8359494
5.5869637
5.8037386
5.89077
5.925322
5.7810144
5.842849
5.954001
5.9827976
6.0754213
5.9158993
5.8083487
5.8739815
6.1149435
6.083359
5.7497497
5.800999
6.006913
5.992574
6.0018277
6.0801945
6.032299
6.087228
6.049835
6.1648617
5.921712
6.1004815
5.885845
5.8788238
5.837554
6.0723386
5.815354
5.945487
5.971336
5.910913
5.8534293
5.986333
6.0887065
6.005131
5.8015127
5.670564
6.111701
6.1552963
5.9862266
6.0080194
6.141724
6.1593866
5.984148
5.903679
5.853427
6.117203
5.883663
5.8789177
6.003474
6.084562
5.9896
6.022564
5.829334
5.891967
5.856725
6.1479425
6.124757
5.7897754
5.805314
5.6134396
5.770904
5.745042
5.8978577
5.8988123
5.8203926
5.76746
5.6894503
5.91331
5.827446
5.925065
5.746775
5.796339
5.9261155
6.0380607
5.9596643
5.8834486
5.8874254
5.8555856
5.844537
5.6493325
5.470526
5.8560934
5.7994165
5.705649
5.627543
5.492793
5.595413
5.3174696
5.448099
5.2797613
5.565879
5.5407743
5.3625565
5.44662
5.2383704
5.682334
5.2875857
5.4725876
5.5018663
5.386526
5.3947573
5.584557
5.4176188
5.5132537
5.167461
5.6731253
5.3600698
5.444539
5.6060977
5.391027
5.5681553
5.48185
5.42633
5.5493784
5.761355
5.589514
5.5180054
5.5590444
5.7128677
5.470352
5.453051
5.6772223
5.572327
5.2809777
5.5217485
5.464882
5.338089
5.2877893
5.5913925
5.4868503
5.387024
5.2232513
5.434593
5.432743
5.3810987
5.155154
5.3759766
5.4128504
5.263111
5.623506
5.313691
5.375901
5.6733294
5.3888335
5.2588944
5.594391
5.5709004
5.723709
5.3874226
5.3943944
5.6405935
5.72399
5.432908
5.565042
5.7585726
5.604641
5.5143857
5.4845276
5.7447443
5.7578025
5.566552
5.396385
5.393749
5.4954224
5.5301514
5.6560154
5.4169383
5.2891474
5.555667
5.52418
5.293199
5.5043287
5.211098
5.4373
5.556714
5.447811
5.3537407
5.3550863
5.25728
5.137333
5.2452235
5.261471
5.3344965
5.3630037
5.3780284
5.3561068
5.385071
5.2749777
5.359709
5.3891497
5.3111076
5.461259
5.204229
5.277481
5.353541
5.3327885
5.209084
5.2392483
5.2283835
5.225569
5.3103647
5.1475906
5.0369167
5.0448833
5.1614575
5.336031
5.2909393
5.2959356
5.048958
