10000
9.851137
9.834766
9.782599
9.812405
9.761914
9.796153
9.769943
9.749743
9.728018
9.62072
9.579968
9.557968
9.542389
9.457878
9.483251
9.416344
9.435957
9.337912
9.245485
9.212648
9.223405
9.252908
9.129717
9.022008
9.120184
9.0864525
9.110327
9.0161495
8.935708
8.921913
8.812973
8.815264
8.709947
8.710626
8.612613
8.611838
8.503705
8.385309
8.297818
8.352649
8.370876
8.2004795
8.099696
8.055511
8.045299
7.891272
7.7724805
7.8147793
7.615676
7.538988
7.275063
7.4940786
7.3265996
7.1528726
7.0724626
7.0072923
6.989936
6.8531337
6.9441466
6.9551315
7.0372324
7.0034447
6.9390793
6.7843485
6.945075
6.8482227
6.8268523
6.851306
6.8888526
6.957365
6.9360986
7.0075636
6.957744
6.948209
6.9973364
6.9781656
7.1082115
6.991316
7.0609126
6.7981353
7.050455
6.8970003
6.978985
6.8521533
7.004354
6.8453555
6.902952
7.026513
6.9575458
6.9584937
6.9730144
7.231437
7.405394
7.3997707
7.4907074
7.562598
7.5878134
7.8347588
7.949037
8.242759
8.159434
8.207591
8.182029
8.038648
8.08807
8.238558
8.300396
8.274792
8.231157
8.502648
8.402313
8.329925
8.299692
8.227012
8.177339
8.122087
8.115588
8.1922245
8.135281
8.112402
8.0527935
7.9743886
7.9109716
8.049882
7.981888
7.9754405
7.9833946
7.9042044
7.8552003
7.78082
7.7483807
7.6529627
7.595667
7.6487765
7.5629716
7.586228
7.50424
7.6164618
7.56009
7.563169
7.609314
7.5907784
7.550301
7.566706
7.5004196
7.580292
7.528427
7.5580277
7.609461
7.5432463
7.503538
7.6096573
7.49375
7.49506
7.416785
7.4121504
7.393703
7.4151974
7.2809095
7.3273287
7.372445
7.336855
7.2995834
7.3935304
7.32115
7.2612042
7.2610583
7.340756
7.3543015
7.3380084
7.3717337
7.398901
7.508573
7.538267
7.3181987
7.3887157
7.3032146
7.2736764
7.316769
7.265762
7.1667333
7.127184
7.114278
7.1241508
7.0333734
7.105095
7.1026506
7.0871663
7.121438
7.012429
7.185803
7.0506225
7.0187244
6.9175816
6.8718376
6.794256
6.7783675
6.673889
6.5295076
6.885119
6.598226
6.696674
6.555719
6.569548
6.558917
2.7057657
3.9424288
3.0815716
3.0366344
3.4881759
2.7535677
2.7454333
3.0924087
2.876978
2.7092683
3.3088307
3.2221317
3.1939137
2.7502103
3.338993
3.838732
2.9094012
2.7209697
2.7643354
2.8851635
2.712466
3.5636513
5.2268744
3.1409943
2.791772
2.7570372
5.4545636
5.401978
2.9630523
2.7757952
4.24735
3.0921228
3.3529124
5.401185
4.242817
2.3792748
3.2053666
3.0032973
2.6143742
4.965969
3.0029056
3.6799018
2.6395898
3.607169
3.1133327
3.4997594
3.0936475
3.0019898
5.080705
3.1765323
4.118035
3.7140656
2.6406846
3.9658146
3.069344
2.7998626
3.8551664
2.9940205
3.0736883
4.967821
3.1459074
2.4338505
3.2868512
3.2380397
4.806146
4.611497
4.612684
3.3686154
2.6489427
2.4803493
3.6851373
3.7890186
2.896193
3.785268
2.8061092
4.1497984
3.2665153
2.9883568
5.2185535
2.6321416
2.6686132
3.8005304
4.2352095
2.307756
4.243712
3.7585423
4.3544035
3.0170279
3.5939054
3.8181279
3.425157
3.498057
3.739984
3.6731489
3.4426537
3.284733
3.7238522
2.0639343
5.0277114
2.6145341
4.1316338
3.4814224
2.848009
4.462081
4.760809
3.6354878
3.2135394
3.003433
3.4792686
4.580182
3.437779
4.4475207
2.2867029
4.095267
2.8510435
3.9036064
3.434554
3.759934
3.5569625
2.605158
3.350757
3.227242
3.5237143
4.296136
2.5399325
4.2791204
2.9358988
2.3959146
2.968645
3.7884946
3.59456
3.0722225
3.7453806
3.0645258
3.6302204
4.43686
3.8099089
3.7844853
2.744415
4.0247865
3.5964513
3.3215413
3.6463718
3.6645267
2.8263133
3.6057162
3.677275
4.7078924
4.683046
3.2945929
4.6126766
3.0606725
4.2606525
3.8135326
3.1360939
3.688349
2.9472878
2.3443959
3.6964953
3.650413
2.5476131
3.0126436
4.0241933
4.562269
4.7889934
3.0942922
3.0175529
3.0267482
3.0312815
3.3042102
2.9744346
2.0958757
2.938125
3.8998652
3.5289834
3.9182966
2.9980924
3.4653583
3.3829103
4.6692405
4.31654
2.3393526
3.7030904
3.6882148
4.2321587
2.8571475
4.637093
3.7972772
3.617675
3.5541303
4.271383
3.3417034
4.373876
3.9936972
2.8260777
3.1554074
3.9804027
2.7846045
2.283718
3.109643
2.638167
4.424993
3.418524
3.5977042
3.5974872
3.556697
3.6158652
4.0152245
3.6226928
3.6455286
4.3478627
4.1608267
3.751195
2.9983108
3.6163237
3.1495676
3.6072247
3.3681943
4.023215
3.8115084
3.0378678
3.7237048
3.4062057
3.14683
3.3250737
3.0061421
4.221724
3.148431
3.6825893
3.554514
3.635212
3.371141
4.027748
4.083758
2.4055989
4.2472515
3.8070636
3.484264
3.8014796
3.6917613
4.24375
4.2048836
3.9369712
3.0253987
3.9438088
3.7495203
3.422056
3.849411
1.5694417
3.6551836
2.3105056
4.1273575
3.8524284
2.9071255
4.021638
3.1449046
4.290795
2.6674457
3.3882833
3.9384406
3.950918
3.3852835
3.3161578
2.8570077
2.468909
3.727548
4.177092
3.3663144
2.5564115
3.3097134
3.4580758
3.346005
2.6450815
4.0538745
3.1932292
3.8288968
2.7277474
2.252597
2.8438191
3.5300853
4.1777134
3.896133
3.410482
2.9025857
4.13509
3.2042508
3.2953131
4.1204376
3.3689196
3.682628
4.0457816
3.5994225
4.1701627
3.5613937
3.1883297
2.8649645
3.5269938
4.258456
2.894178
3.6460717
3.5805874
3.2038226
3.067915
2.8376276
3.2648816
3.3730233
3.94936
3.2869673
2.6104841
4.288096
2.7898262
4.2176843
2.9013968
3.5664942
2.5197434
3.3516731
2.6163788
4.74093
2.9641836
3.9074426
3.8855395
3.675134
3.3712497
3.462656
3.2767158
3.7358186
3.251845
3.5548306
3.1898713
3.391118
2.512604
3.0030885
2.2419035
5.4472475
3.070239
3.5371296
3.8109758
3.5326855
3.1969843
3.0184095
3.5723753
3.371549
3.3575687
3.250224
3.1405568
3.5077116
2.491784
3.201819
3.3388329
5.250403
5.1372356
3.9618936
3.217402
2.759281
3.1564243
5.1379657
3.8406477
4.1412745
3.4094248
4.113318
2.705992
2.4642458
3.3707566
3.1257632
3.5137048
3.243783
3.2624059
4.770294
3.5681798
3.4307926
2.9696574
2.7531757
3.5309715
2.560292
3.379018
4.3570952
2.7874146
3.5351686
3.0430248
2.6047676
2.9669523
3.8838933
2.8233202
3.7384598
2.9041991
3.0015893
2.9032257
2.9512956
3.4798665
3.4597025
4.386398
2.3176587
4.1529703
3.3705735
2.730286
2.775918
3.6319647
2.9859853
3.1333883
3.265114
3.0318503
3.3257575
2.8455372
4.2672567
3.537312
2.982961
4.126869
3.0892804
3.5420127
3.9232612
2.8514838
3.965199
2.235723
4.009953
3.7230172
3.0501113
3.647402
3.2091517
3.1968713
3.635813
2.9189281
3.9722881
3.1202302
3.8855004
3.9765491
3.9351523
4.2431583
2.598278
3.0607834
3.3296995
3.794832
3.2001834
3.0830305
3.2913284
4.1117215
3.1898003
3.8251576
3.380775
4.441871
3.3563502
4.118963
4.0374637
2.6935503
4.3117094
4.3290935
2.2513747
3.0287528
2.8959556
3.8037388
3.0709426
4.2547636
4.064522
3.9404633
4.0575166
3.2808375
3.4512062
2.3774788
2.4961982
3.403197
2.9086833
3.2623663
3.849972
4.4415994
3.5237117
3.2337193
3.2431622
3.1650548
4.3420825
3.3963573
2.898181
3.4133523
3.3315513
3.2604373
3.3722918
3.181863
4.202696
3.0544827
4.23306
3.6595428
3.3664057
3.3624635
2.7576015
2.7382455
3.2852952
2.860896
3.578348
3.284273
3.260863
3.7615058
3.9788465
3.324164
2.6834128
2.383218
2.5897348
3.8150113
3.2369184
3.0240808
2.8761845
3.2085392
4.3302402
3.3564672
3.0369613
3.1249728
3.3119736
3.4965875
3.7151284
3.437688
3.0489833
3.2295685
3.164131
3.3105848
2.495923
3.9770203
3.5386498
2.681101
3.5170598
3.0300496
3.932968
4.233524
3.3516402
3.1179621
4.5867276
3.3811164
2.7713456
2.9073675
3.262703
2.9000866
3.767657
3.7230172
3.960255
3.0878794
3.915727
3.9695628
2.8305578
3.7805004
3.034097
2.963654
3.295995
3.102308
3.2914546
3.4454427
3.9719274
3.1295693
2.7406554
3.018026
3.2259328
4.5144944
3.7891948
2.574231
2.9731805
3.2635264
2.81038
2.987459
2.9016962
3.3984747
3.0838454
2.947206
3.4625518
3.9799268
3.559308
2.8445668
3.3594913
4.0897474
2.9223533
3.2324352
2.868566
2.7198606
4.09037
3.3431265
3.3322706
2.3928008
3.3821805
2.8292553
2.849023
2.6109033
3.4435868
4.2185802
3.1493816
3.5527081
3.482056
3.7215471
3.3541443
2.6307287
3.3182828
2.5455735
3.5001938
3.8169615
2.9271517
3.8684087
3.2611325
2.5814078
3.9255638
3.5020483
3.0907161
3.8182256
2.5003808
3.5880835
4.012407
3.9256883
2.6293538
3.601884
2.6461987
3.7938995
2.9719849
3.4190435
4.045932
3.89034
2.602242
3.7573612
3.9336185
3.709426
2.985656
4.2832484
3.4584045
3.1501384
2.443486
3.5891204
3.1262622
3.7784777
3.1895113
2.6884785
3.846817
3.592903
3.122724
3.0185802
2.736667
4.329218
3.54244
3.5117176
3.5571964
3.2191284
3.1288977
3.3929539
3.1654968
2.6420105
2.8009198
3.6853287
2.7807875
3.6962988
2.5002825
3.761333
2.915851
2.9646196
3.1588008
2.7653441
3.1362424
2.8394215
3.2915192
3.7126606
2.5806875
3.372499
3.7365232
4.280235
3.4491277
4.039715
2.9502869
2.929629
2.9644651
4.0377464
2.7983775
2.8776042
2.6751087
4.6056566
2.5785544
2.9535515
3.8445802
2.9408293
4.242429
4.055509
4.210252
3.543851
4.1617517
3.3290145
4.1312585
3.1622453
2.7671585
2.5586026
2.8084667
4.880781
2.9362333
2.8905425
2.8530767
2.7849371
3.228517
3.8423092
3.1420236
3.0836544
2.9283943
2.9426548
3.618175
3.118872
4.505724
3.7902124
3.0373883
4.599086
2.7611709
3.129599
2.9939275
2.5928743
5.205679
3.0844421
2.7703056
4.8858004
3.1150432
3.5162091
2.6717443
3.580104
3.0562408
3.3961298
2.2093325
3.3409705
4.6427994
3.1999485
2.864212
4.4194384
3.3779054
2.5103786
2.9819987
3.8210368
2.8875148
2.8183067
3.6490169
3.007305
3.4697275
3.292336
3.519508
3.0147161
3.2248814
3.2395852
3.6561007
2.887534
3.7885134
3.0510607
3.3137336
3.5095727
3.2283163
3.6235003
3.5217698
3.1907804
3.1050296
2.3392015
3.1656911
3.0358512
3.0923736
3.2797823
2.9647946
3.097862
3.0500352
3.2410395
3.0021813
3.3048096
2.4045336
3.2042465
3.6055226
3.9341128
2.681182
3.1812072
3.5121343
2.4250503
2.6924026
2.4321666
3.4122658
2.9664931
3.0534673
3.0563347
3.802734
3.5566123
3.2509804
3.1828322
3.9827776
2.8907847
3.7542622
3.9759915
3.4334874
2.9168828
3.288386
3.9599593
3.9621673
3.9036672
3.4769351
2.5835226
3.0570722
3.4566226
2.9799178
2.5499306
3.0451758
2.7152321
2.9954386
2.7404916
4.1240706
4.197818
3.1141698
3.0628533
2.8375704
4.0164976
3.6856544
3.2410896
2.86508
2.9256644
3.1876779
4.0054502
2.7016778
2.726026
4.1479096
2.830755
2.9895587
3.3370852
2.8031945
3.3278952
2.7492619
2.7812932
2.9466033
3.2984002
3.1496525
2.7809658
3.012358
2.8184907
3.0400684
2.3718991
2.849795
3.0257607
2.9612687
4.2330647
4.4143753
2.8150642
3.307437
3.6470878
2.6791997
3.6447475
2.665574
3.0495648
2.7334692
3.1698709
3.068524
4.2687764
3.9113874
2.6916764
3.2199495
2.8890448
3.0385678
2.9171624
3.008329
2.2874532
2.380978
2.409596
2.6889312
4.1694546
3.0244734
3.6901035
3.177842
2.8813555
3.3984768
3.1395288
2.7548158
4.2057037
2.6477296
3.7598977
3.4038873
2.933958
2.5788932
3.0070376
2.7263653
3.283597
3.7603781
2.8094776
3.6595578
2.715102
2.582336
2.8758252
3.9787405
2.7854843
2.8391824
3.410749
3.0233107
4.07562
3.139716
3.2830586
2.7120335
3.8531926
3.0170736
2.450604
2.7262244
2.6424835
2.56747
2.7940273
2.9304585
2.9410446
2.9446433
2.9019907
3.1395452
3.336467
3.9026992
2.9387012
2.824547
3.752034
2.8381443
3.5306833
2.7948809
3.3001444
2.857937
3.2776556
2.476095
3.5575418
3.0951133
3.3085978
2.9830523
3.0478818
3.3560002
3.115373
3.6294003
3.1514606
2.6280193
2.9783158
2.8483367
2.7703218
2.9591634
2.7372408
3.0760846
3.1130195
2.884282
3.1056342
2.880119
2.8695614
2.9899406
3.263423
3.2655535
3.4273438
2.98543
2.9896848
3.1906996
2.6582618
2.9167871
3.3190546
3.108575
3.039062
2.7155793
2.918939
3.204848
2.805307
3.1380188
3.5601566
3.4330337
3.0403256
3.0325089
3.0502005
3.1026723
3.0191052
3.1547585
2.9443896
2.6747282
3.013512
3.4198146
2.9609215
2.8334446
2.7131622
2.8510554
3.6719484
2.7995882
3.0092082
2.903958
3.1349373
2.8943276
2.6998074
3.056045
2.9558337
2.846628
3.5030808
2.7616482
3.210851
3.2785692
3.4221818
4.878124
3.2534509
3.3461375
2.470228
3.052755
2.6464646
2.9021938
3.18802
3.879229
2.9380045
3.6294456
3.3393755
3.36127
3.204851
2.8908427
4.7840524
2.7586904
3.5963335
3.191239
3.7905965
2.7590706
3.6053996
3.575448
3.7392056
2.4632902
4.7533712
4.2439795
4.705451
3.974577
3.6487143
3.4567797
3.9589477
3.6885676
3.3008163
2.9813232
3.1399531
3.058093
2.74873
3.2337027
3.5906816
2.8847816
3.3943493
3.9901412
3.9644907
3.7467666
3.3379948
2.9147325
3.512137
2.3015962
4.134612
2.971933
3.5559428
3.5135849
3.8643105
3.2747343
3.3058178
3.790685
4.0474997
2.749794
3.316029
2.9959912
3.009619
2.6137261
4.0143666
2.4456818
3.0382247
2.8565052
3.8550992
3.0133686
2.9299738
2.8376856
3.5500617
3.6507988
2.9627419
2.7835152
3.2487822
3.9299796
3.2302394
2.6028416
3.6763582
3.4135408
3.0118957
2.5930982
3.3283954
3.3564234
3.353947
3.1743991
2.8370705
2.232523
3.403321
3.1479876
2.7061303
2.7483904
2.9285114
2.635748
2.67706
2.8836453
3.517188
2.6349363
2.885165
2.895171
2.8777552
2.8827608
2.290292
2.7837749
2.6896186
2.6876194
2.8582885
3.8556952
2.7644188
2.7599523
2.5677264
2.9372768
2.8049338
3.5090327
2.8615158
2.902663
2.8322523
2.8650672
4.022949
3.5685768
2.892937
3.1416562
3.7727232
3.661234
2.718497
2.722853
3.0629642
2.8629072
3.1245215
4.048277
3.0041227
2.6237879
3.428799
2.8429768
2.8863146
3.9250522
2.8651268
3.3896937
3.023755
3.1540124
2.9736776
3.9144146
3.208074
2.5916805
2.8112488
4.043039
3.9628289
3.244329
3.292949
2.8655734
3.7569623
2.7967882
3.3641047
2.7645495
2.8497572
3.278256
3.8924382
2.6367078
2.7354603
3.6575491
2.7773201
3.6313386
3.6367283
3.675864
2.724356
3.9298768
2.9175773
3.9241557
2.7916203
3.5934966
3.068003
3.3570395
2.4555063
3.2073412
3.7538965
2.335931
3.4514475
3.9466746
2.8426719
3.6553085
3.256884
2.9185557
3.5916429
2.9714808
2.8615344
2.8939419
3.0130742
3.018469
2.7913585
3.5460243
2.7362332
3.9631631
2.7493272
2.6891313
3.7875946
3.9237492
2.8812943
3.3810146
3.0139153
3.4919593
4.12521
3.3187933
2.7855992
3.5813096
2.775896
3.2290976
3.7273493
3.4387805
2.6997395
2.9298592
3.0164862
4.026583
2.8819997
3.8588305
3.4545043
2.9118788
2.9790545
3.850852
2.7176194
2.8071127
3.0166776
3.6854463
2.9185927
2.8793173
3.165291
2.49379
3.1238527
3.1107326
3.9591236
3.499078
2.5855265
3.6009157
2.803093
2.818657
3.5104034
3.492046
3.7720146
2.9101198
3.2554348
2.9728749
3.0716088
2.8373911
3.0738287
4.036655
3.2533948
2.9456763
3.0090053
2.938009
3.1926022
3.09955
3.3189344
3.2022927
3.066027
3.058281
3.1601822
3.027474
3.461527
2.841621
3.0927477
3.3129368
2.9129322
3.1095383
2.8859136
3.257514
3.7094302
3.1228538
3.108975
3.04995
3.57185
3.4866452
3.0243921
2.7907453
2.9000013
3.3071477
3.597531
2.7288022
3.1364446
3.8394406
3.8418865
2.9870698
3.3681545
3.5733888
3.7574186
3.5607696
2.8029556
2.8276777
3.5516553
3.4678445
3.0331814
3.1096396
4.4238706
3.4719307
3.6871636
3.0724587
2.9122715
3.133085
3.1555266
3.789972
3.8531623
3.3819327
2.732445
4.142228
3.8108492
3.3127334
3.3315532
2.733254
4.3960714
3.0409536
4.3579583
3.4615483
3.2171235
2.6936166
3.383189
2.6049097
3.0958798
2.9452646
2.6231592
2.6563678
2.6194572
3.436028
3.0906513
3.5062268
2.976407
4.3438416
2.62393
3.0973165
3.5402317
3.1547122
2.6816099
2.4973764
2.7219207
3.391193
3.1990228
2.6899052
3.4169092
3.8203604
3.7443805
3.0790174
2.7551181
2.8159564
3.3273811
3.2287135
3.0124297
2.9600496
2.9902506
2.888476
3.258589
2.7048056
3.108421
3.4801714
2.6964173
3.3596396
2.952222
2.9817915
3.5569832
1.9141457
3.522532
3.547629
2.5675488
3.2552006
3.3758159
2.9402666
3.183444
2.4626327
3.1957595
3.5043747
2.9228308
3.0795574
2.9746542
3.3345475
3.1388943
2.7626448
2.8724642
3.0050948
3.2704868
3.5144
2.9343865
3.2010615
3.1181128
2.807336
3.0763311
3.2240863
3.0130851
3.1387897
2.2934344
3.4653826
3.25207
3.3841364
3.8446312
3.6111033
3.38865
3.2551072
4.0569053
2.8447566
2.9043384
3.4329915
3.546043
3.562142
2.9863806
2.9467835
3.6937175
3.3422637
3.4736075
2.8008864
2.973648
2.6597383
3.220213
3.2717996
3.157171
3.5697148
3.7469888
3.6394975
3.1084614
3.5680249
4.431376
4.1618533
2.7109578
3.2414205
3.3820405
3.3102226
3.4194942
3.2252555
3.3104625
3.5271475
4.22345
3.7193015
2.9546812
2.7464075
3.1464224
3.2011197
3.0884683
2.5604165
3.191159
3.2731721
3.0555735
3.3090959
3.062501
3.0512614
3.348596
2.8825316
2.4864054
3.4193192
3.570835
3.315334
4.4413157
3.4893131
4.189362
3.551568
3.155638
2.934012
2.917661
3.0870833
3.1935406
3.3242195
3.1823213
3.3552773
3.907717
3.2998285
3.3907118
3.0521448
3.4555516
3.772561
2.7265399
3.3037474
3.641277
3.2593267
4.497858
3.5655491
3.097312
3.6933846
3.5371592
3.195211
3.2327046
3.3079379
4.950879
3.2862847
2.8350205
3.6260395
2.3597627
2.6699595
3.4015415
3.4059768
2.9942062
5.0476966
4.2524405
3.0827622
2.5061696
2.952269
5.02803
3.0610507
3.0728014
3.4421928
5.220631
3.5950143
5.1048913
2.7714634
2.8222058
3.2772639
3.150812
3.2600968
3.7705672
3.6280243
3.7183187
2.7744973
3.0171785
2.891717
5.394961
2.9611173
2.9840057
3.4374301
4.471418
2.752796
3.4745414
2.6289437
4.46758
3.9965322
4.7008853
4.141836
4.19348
3.9152167
2.6910672
2.658954
3.850742
2.7212193
4.864498
3.63978
3.464029
2.7091832
2.8675976
5.458695
2.958301
2.621134
3.7110658
2.8704093
3.315173
5.702676
3.3336864
2.8258731
3.1890378
3.1344836
2.939524
2.6639388
3.6634984
2.4862287
4.346454
3.093324
4.420719
2.923417
5.2032695
4.6348486
2.9799438
5.8418493
3.980788
3.295757
2.9444544
2.383971
4.9761434
3.112905
2.9952807
4.932821
4.7993107
3.5662255
4.160233
2.5602386
3.1654043
2.6528273
5.5253
2.839469
2.721535
4.4970884
4.5799975
2.5527294
3.7413516
2.5917513
5.1089697
3.2438543
2.8172631
2.672682
3.1898003
3.205955
2.3313406
3.2385561
5.198472
3.004207
3.4508424
3.153573
2.5308983
2.4761868
3.0873017
4.9130945
4.7390504
2.578878
2.6490052
2.7813518
3.470641
3.5885444
2.7155266
2.6486669
2.7857811
3.7426066
3.691234
3.4254599
3.3384953
3.5432231
3.0970552
3.5636928
3.2321384
3.6243768
3.8445122
3.1096768
3.45498
2.7961318
3.8790987
2.6728606
3.6466467
2.141667
3.5842745
3.0432065
4.3140936
3.4424515
2.6558146
3.1123528
3.301399
2.9724665
3.9795258
4.2466197
3.784059
4.405866
3.6959102
3.6127224
2.9211767
3.365528
3.587774
2.4224434
3.464846
3.7790773
3.3577428
3.071513
3.3193867
3.1804194
4.3338447
3.8031533
3.0570784
3.4824455
3.2238197
2.3701017
3.1978223
3.4973211
3.3784022
3.1098056
4.2687283
2.7084007
3.743949
3.3389664
3.1267169
3.3058758
3.3461144
1.7112318
3.47304
2.6225824
2.0842974
3.2318351
2.77357
4.217643
4.3442726
2.7573583
3.3925138
3.075746
3.736506
2.5489507
4.3933163
2.8610005
3.2626884
2.9138942
2.8412476
1.9564515
2.157856
2.3203523
3.4342115
3.213188
2.4977593
2.6848583
2.7259493
2.6154203
2.6141179
2.0954826
4.375388
2.8283048
2.7617064
4.4912233
2.163743
2.465661
3.598847
4.5280666
3.6806762
3.0358124
4.2055264
2.2345614
4.0051475
2.733613
3.6077428
