10000
9.851137
9.834766
9.782599
9.812405
9.761914
9.796153
9.769943
9.749743
9.728018
9.62072
9.579968
9.557968
9.542389
9.457878
9.483251
9.416344
9.435957
9.337912
9.245485
9.212648
9.223405
9.252908
9.129717
9.022008
9.120184
9.0864525
9.110327
9.0161495
8.935708
8.921913
8.812973
8.815264
8.709947
8.710626
8.612613
8.611838
8.503705
8.385309
8.297818
8.352649
8.370876
8.2004795
8.099696
8.055511
8.045299
7.891272
7.7724805
7.8147793
7.615676
7.538988
7.275063
7.4940786
7.3265996
7.1528726
7.0724626
7.0072923
6.989936
6.8531337
6.9441466
6.9551315
7.0372324
7.0034447
6.9390793
6.7843485
6.945075
6.8482227
6.8268523
6.851306
6.8888526
6.957365
6.9360986
7.0075636
6.957744
6.948209
6.9973364
6.9781656
7.1082115
6.991316
7.0609126
6.7981353
7.050455
6.8970003
6.978985
6.8521533
7.004354
6.8453555
6.902952
7.026513
6.9575458
6.9584937
6.9730144
7.231437
7.405394
7.3997707
7.4907074
7.562598
7.5878134
7.8347588
7.949037
8.242759
8.159434
8.207591
8.182029
8.038648
8.08807
8.238558
8.300396
8.274792
8.231157
8.502648
8.402313
8.329925
8.299692
8.227012
8.177339
8.122087
8.115588
8.1922245
8.135281
8.112402
8.0527935
7.9743886
7.9109716
8.049882
7.981888
7.9754405
7.9833946
7.9042044
7.8552003
7.78082
7.7483807
7.6529627
7.595667
7.6487765
7.5629716
7.586228
7.50424
7.6164618
7.56009
7.563169
7.609314
7.5907784
7.550301
7.566706
7.5004196
7.580292
7.528427
7.5580277
7.609461
7.5432463
7.503538
7.6096573
7.49375
7.49506
7.416785
7.4121504
7.393703
7.4151974
7.2809095
7.3273287
7.372445
7.336855
7.2995834
7.3935304
7.32115
7.2612042
7.2610583
7.340756
7.3543015
7.3380084
7.3717337
7.398901
7.508573
7.538267
7.3181987
7.3887157
7.3032146
7.2736764
7.316769
7.265762
7.1667333
7.127184
7.114278
7.1241508
7.0333734
7.105095
7.1026506
7.0871663
7.121438
7.012429
7.185803
7.0506225
7.0187244
6.9175816
6.8718376
6.794256
6.7783675
6.673889
6.5295076
6.885119
6.598226
6.696674
6.555719
6.569548
6.558917
6.3650427
6.36687
6.412646
6.3875523
6.2515125
6.3362036
6.25565
6.5286694
6.4319797
6.5967426
6.223611
6.461956
6.6041636
6.6277046
6.694868
6.503494
6.658503
6.5326786
6.8279004
6.6969786
6.725003
6.4850445
6.794491
6.592379
6.7727346
6.7345138
6.692289
6.658492
6.6734343
6.7085576
6.6976852
6.627769
6.560336
6.6720605
6.705097
6.5682945
6.6425366
6.454467
6.7423725
6.634688
6.8504295
6.4775248
6.860688
6.7910137
6.7334175
6.7401924
6.366429
6.659014
6.549228
6.5555234
6.505156
6.6030803
6.5631
6.7550616
6.7437506
6.555622
6.5062633
6.6864023
6.6143723
6.7168493
6.63663
6.5950265
6.7601643
6.790248
6.6321087
6.7011895
6.6817975
6.6338825
6.569307
6.6790886
6.4680834
6.616705
6.8186235
6.6834383
6.58414
6.7322364
6.7244625
6.664758
6.6466265
6.5365286
6.634454
6.5120063
6.7011695
6.692739
6.608181
6.5613623
6.568243
6.4549727
6.4396577
6.636961
6.2819924
6.429124
6.507171
6.317816
6.4280076
6.2584987
6.343719
6.451196
6.15812
6.3111763
6.1801333
6.5182247
6.4248333
6.426107
6.380328
6.405952
6.5189886
6.4739823
6.3786926
6.5364685
6.5990505
6.6089573
6.2312565
6.67767
6.4755235
6.562091
6.454318
6.562215
6.3686323
6.61648
6.55165
6.536045
6.4560146
6.5062647
6.441706
6.546832
6.3598585
6.5755334
6.2868004
6.520904
6.3057857
6.5191393
6.528515
6.356473
6.4044404
6.428105
6.502173
6.4454875
6.3732553
6.28817
6.2879653
6.359145
6.379868
6.367891
6.312513
6.438939
6.3514977
6.3556366
6.2002525
6.4671655
6.458406
6.4940786
6.5378437
6.6110306
6.5196695
6.52455
6.5961432
6.5966673
6.674217
6.921746
6.8479156
6.8743234
6.814503
6.8872247
6.8603697
6.845896
6.8879533
6.911027
6.941843
7.126245
6.9443407
7.115904
6.9473104
7.0131726
6.8575535
6.905281
6.9326096
6.9549694
6.8364196
6.7979107
6.9139347
6.966111
6.850078
6.891142
6.802238
6.8075557
6.800099
6.7040167
6.6800704
6.588518
6.6320515
6.7631526
6.7644434
6.702672
6.675187
6.7787814
6.5863295
6.694194
6.6625776
6.6636314
6.4949813
6.5989566
6.6477737
6.529649
6.5589604
6.6558146
6.5733337
6.6678314
6.7061315
6.700575
6.7708817
6.736641
6.6336293
6.6829634
6.6513557
6.828012
6.587133
6.79098
6.6086416
6.6562243
6.658313
6.767268
6.6020794
6.645547
6.7299056
6.7892566
6.6395535
6.7972264
6.89511
6.8193603
6.7155356
6.6345506
6.7005525
7.011129
6.8884025
6.8154783
6.8720427
6.9658647
6.829153
6.8885717
6.9413204
7.011171
6.936378
7.134065
7.02403
6.900437
6.81114
6.8892727
6.907706
6.717273
6.7968245
6.928893
6.886945
6.88231
6.901615
6.853017
6.985055
6.774981
7.01495
6.8165946
6.842286
6.8968
6.7188826
6.937818
6.779311
6.658255
6.9053993
6.925022
6.7462673
6.8247747
6.8514986
6.842296
7.0558987
6.7643857
6.861896
6.81769
6.936263
6.71605
6.9345417
6.819237
6.955823
6.898038
6.9712033
6.967694
6.903756
7.059668
7.023032
6.948045
7.0922103
7.0309687
7.1724153
7.2883897
7.0069532
7.408155
7.302298
7.2692003
7.2283087
7.324692
7.18454
7.27919
7.1788197
7.396044
7.3781743
7.454357
7.415466
7.4337983
7.3434105
7.1625967
7.20664
7.114869
7.3481445
7.388715
7.4046226
7.2389197
7.1460986
7.205413
7.38326
7.123315
7.152998
7.1410503
7.103904
6.927342
6.9893465
6.9872065
6.9830728
7.0003257
7.0524387
6.9956837
7.156543
6.92014
6.9336076
6.92562
6.933297
7.047907
6.968267
6.9055834
6.927393
6.900238
6.9323516
6.9848275
6.9324627
6.9935155
7.0122466
6.915934
6.87715
6.7838993
6.9274898
7.02188
6.960077
6.8568196
6.84916
6.8739805
6.805909
7.0232105
6.976796
7.1620784
6.98554
7.0594335
7.1726813
7.117077
7.0843477
6.9840612
7.0516305
7.0818725
7.13322
7.2462
7.2531347
7.4447145
7.247702
7.385884
7.3881187
7.348054
7.3549848
7.3069606
7.295226
7.4084196
7.4072185
7.32407
7.134915
7.1402802
7.348753
7.326952
7.3860836
7.301414
7.352852
7.1397324
7.2567964
7.180417
7.384012
7.327613
7.320225
7.2698503
6.9508324
6.823451
7.064784
7.07481
7.0156984
6.9751663
6.999586
6.7916307
6.7020082
6.8624544
6.8348713
6.796733
6.8540964
6.777721
6.7045083
6.879064
6.880415
6.8754573
6.8202252
6.922157
6.867433
7.0032434
6.7499814
6.8869286
6.9590297
6.842789
6.899884
6.9315467
7.052388
6.875187
6.86619
6.810233
6.9693336
6.959054
7.0938783
6.8518467
7.052308
6.92883
6.8853545
7.1637826
7.0542946
7.0223475
7.0357895
7.285042
7.214948
7.3472357
7.0678525
7.321266
7.0774026
7.2450314
7.396983
7.3416286
7.5042806
7.4108496
7.3179936
7.410919
7.5764875
7.299331
7.4687552
7.461245
7.430969
7.2848434
7.4454074
7.517765
7.3309574
7.321741
7.371325
7.2399135
7.2431912
7.3046875
7.40035
7.382713
7.3304067
7.229532
7.231661
7.08255
7.166547
7.144628
7.038232
6.853929
6.86531
6.9836235
6.915767
6.892351
6.8772607
6.8882637
6.897458
6.9143004
6.869504
6.8018456
6.6990128
6.8974304
6.687386
6.816019
6.8357716
6.9671516
6.8479013
6.831818
6.9609303
6.790308
6.8586974
7.007166
6.839414
6.9313493
6.960084
7.0076756
6.854332
6.910554
6.945681
7.021123
6.9804773
6.8580484
6.986864
6.8923965
7.085464
7.085621
7.0001173
7.2122583
6.9292383
7.1801505
6.99615
7.229884
7.191236
7.1744103
7.049996
7.0670495
7.0812387
7.101828
7.405813
7.3401427
7.3389125
7.335066
7.352516
7.3698997
7.4313784
7.168217
7.216304
7.284224
7.242711
7.2976785
7.2234974
7.2528563
7.1331797
7.3755927
7.044983
7.1768804
7.1144896
7.1324134
7.196103
7.2424445
7.1254306
7.025283
7.05789
7.209339
6.9709334
7.018936
7.0476594
6.957134
7.0678835
7.0342693
6.897909
6.89004
6.854302
6.8382363
6.734707
6.906773
6.786427
6.9848957
6.7337027
6.917363
6.8604856
6.877797
6.8685894
7.1750836
7.200717
7.160557
7.059591
6.8478794
6.562827
6.460951
6.6084805
6.605036
6.191396
6.0069246
5.680371
5.3307385
5.4387054
3.4411402
2.9558342
2.772805
3.0025172
3.053224
2.9040205
2.3829494
2.927036
3.0833027
2.951679
2.8213978
2.9721026
2.892096
2.8893068
2.4003866
2.3105948
2.782497
1.8980126
2.9012337
2.4957106
2.8175108
2.9277928
1.9586897
2.2336109
2.5321124
3.3201106
3.7770836
2.9532077
3.0583882
2.2720184
2.725621
2.8643644
2.3664699
3.34176
3.8732665
2.339604
2.6674466
2.9786625
3.788797
2.698348
2.2392142
3.3081777
2.7233996
3.1162765
2.18426
3.1733606
3.4568808
2.9502351
2.8382666
2.679975
2.62337
2.6285937
2.4438205
2.4764688
2.3151243
2.6417012
3.0136905
2.0707917
3.3951683
2.5468314
2.2176926
3.279387
2.1495368
1.6547598
3.5109627
6.7491064
7.024446
6.9842706
6.9285507
7.1145678
6.990157
6.995141
7.131522
6.8878508
7.099062
7.3781385
7.2789197
7.315785
7.3181143
7.2144737
7.4529104
7.3145566
7.0349207
7.522884
7.4042635
7.5518055
7.498904
7.590028
7.6095195
7.5738325
7.5038414
7.615346
7.544976
7.4399996
7.5571184
7.5061207
7.5911837
7.530478
7.511326
7.4999046
7.5694337
7.63245
7.5254245
7.4083896
7.356535
7.436479
7.369899
7.51008
7.2915053
7.2604003
7.475773
7.195439
7.225789
7.2450614
7.422982
7.362454
7.159127
7.275889
7.3016224
7.2909737
7.4067597
7.374262
7.325363
7.237245
7.297384
7.4463897
7.4945517
7.542555
7.3652854
7.6337843
7.4063916
7.5388546
7.6120224
7.4176755
7.5697794
7.5241528
7.477633
7.553157
7.468969
7.3780003
7.5666857
7.4066954
7.648321
7.5767317
7.649084
7.648044
7.76361
7.739576
7.745746
7.8378925
7.8117933
7.6938286
7.7801385
7.669666
7.6800475
7.631077
7.628255
7.374842
7.338631
7.492322
7.6764636
7.356463
7.449478
7.3212805
7.3945284
7.560234
7.5005255
7.2126756
7.363915
7.246696
7.309514
7.2159634
7.3873057
7.3267984
7.232765
7.357083
7.3342175
7.470937
7.346294
7.289702
7.312882
7.2737494
7.4298954
7.242287
7.386505
7.2245145
7.2813783
7.344919
7.3237205
7.406229
7.4912314
7.5434856
7.3383837
7.51911
7.467513
7.607902
7.572523
7.4279246
7.470108
7.658777
7.7487693
7.8404036
7.730618
7.783965
7.6694674
7.83164
7.830229
7.7209287
7.8974504
7.7772484
7.6742654
7.604779
7.5533338
7.3700323
7.6714883
7.5512447
7.643864
7.6890693
7.513128
7.6253285
7.5334387
7.4284368
7.5755997
7.2471104
7.3723416
7.3821115
7.4055605
7.2782073
7.42973
7.362142
7.4098306
7.4153337
7.405442
7.647841
7.303041
7.3538055
7.4298935
7.5481625
7.5671415
7.6041074
7.4537973
7.6299133
7.7250338
7.7397966
7.761079
7.787222
7.6882887
7.666365
7.6447473
7.63985
7.8370247
7.758442
7.831202
7.844825
7.7688994
7.833853
7.624169
7.7773814
7.6233854
7.559712
7.604106
7.5344496
7.611187
7.3820653
7.4532366
7.416502
7.3346972
7.47349
7.5304484
7.2902975
7.250725
7.3355374
7.09325
7.2680016
7.276466
7.1611423
7.4495535
7.4016113
7.2971106
7.4766088
7.1324673
7.3642397
7.3934784
7.445413
7.3163795
7.5661325
7.701413
7.662641
7.778547
7.6679077
7.7372284
7.7505255
7.8929677
7.7873545
7.8667536
7.7822657
7.965221
7.8147216
7.907109
7.7097807
7.675693
7.6656733
7.926778
7.5383983
7.778632
7.7700033
7.652995
7.6560936
7.537736
7.5209813
7.5094633
7.5340405
7.3883142
7.576159
7.6087866
7.3988605
7.5442863
7.562495
7.3799496
7.2530847
7.4019527
7.371073
7.4300117
7.3122916
7.4824667
7.2916207
7.357697
7.551873
7.574651
7.6756744
7.6682787
7.564892
7.612381
7.85097
7.9092317
7.966854
7.9931555
7.9827952
7.8882036
7.882379
7.823247
7.909403
7.9539685
7.84153
7.9181294
7.7221284
7.6222277
7.6574297
7.6919537
7.56305
7.44447
7.4587803
7.4528418
7.5088615
7.410382
7.3195148
7.2559466
7.306748
7.34941
7.249719
7.3641434
7.333135
7.5511065
7.389947
7.3091054
7.5354447
7.3320026
7.258547
7.5417814
7.4978905
7.607827
7.6430006
7.527109
7.7245092
7.688442
7.588929
7.7439976
7.645649
7.7133493
7.594344
7.6459026
7.622143
7.545991
7.6581745
7.4250827
7.6848173
7.4066696
7.389331
7.4457393
7.0995655
7.234136
7.2323236
7.0390515
7.1097136
7.3030524
7.2102346
7.301618
6.949127
7.261489
7.07434
7.118501
7.054307
7.3818
7.3819184
7.1459107
7.291442
7.351763
7.434757
7.503624
7.5904484
7.3204107
7.5030656
7.430116
7.508854
7.633939
7.479154
7.737935
7.7162123
7.801848
7.576366
7.577268
7.4902954
7.686725
7.508001
7.50416
7.3512845
7.1884217
7.3409386
7.2125225
7.0279737
7.210724
6.983422
6.878806
7.0196724
7.0133142
6.6647844
7.0408845
6.960336
6.7323513
7.0859413
6.85328
6.9390225
6.9361734
6.9754014
6.972095
7.0985813
7.0477805
7.394017
7.219175
7.410291
7.1507015
7.3859167
7.3107004
7.4104123
7.513714
7.3243995
7.435258
7.632845
7.3085203
7.277829
7.210507
7.325873
7.219056
7.171075
7.1533246
7.161574
6.9833245
7.0119286
7.2208214
6.9607096
6.965823
7.1435957
6.6952124
6.899726
6.7802825
6.8204727
6.9022074
6.856163
6.9869146
6.795047
6.8251104
7.0579576
7.182421
7.126227
7.050997
6.6746016
6.9321413
7.1470213
7.1406713
7.2202044
7.362048
7.418661
7.4512916
7.695339
7.334775
7.289472
7.5534062
7.420607
7.143529
7.3956866
7.423332
7.4425797
7.081378
7.1805916
7.2995434
7.17209
7.050796
7.1041727
7.173615
7.167734
6.872795
6.6237674
6.8737483
6.9508843
6.877573
6.8166747
6.7520027
6.834302
6.7564316
6.657076
6.6936026
6.721342
6.787754
6.9033937
7.055788
6.902812
7.0524364
7.0837383
7.1606374
7.0193195
7.077325
7.0232253
7.12665
7.042688
7.034885
7.0386
6.8523936
6.808687
6.884065
6.8192725
6.730188
6.5746913
6.8960643
6.7275066
6.684633
6.413187
6.5469217
6.5584116
6.3450294
6.534458
6.4036465
6.543045
6.531161
6.3870196
6.540964
6.7642984
6.8009057
6.6509094
6.865401
6.7205286
6.717068
6.8088784
6.8158793
6.7694426
6.904066
7.0813155
6.801481
6.793666
6.75618
6.5497155
6.549846
6.563962
6.8067975
6.6024475
6.391077
6.7270327
6.7571363
6.307908
6.411922
6.4096136
6.328777
6.167335
6.254091
6.2289896
6.246606
6.129756
6.0642014
6.1107965
6.367454
6.286872
6.057428
6.2868805
6.4496174
6.021372
6.286539
6.0378547
6.06875
6.110858
6.367088
6.2891145
6.33026
6.277898
6.305632
6.5196
6.3489647
6.3439097
6.5658627
6.5933533
6.0278974
6.3715076
6.3494234
6.097752
6.2039948
6.261058
6.3159323
6.2405343
6.1413836
6.1462927
6.107788
6.342299
6.1861296
6.20694
6.2843122
6.1479425
6.0903254
6.0716734
5.811315
5.867604
6.1208014
5.8493085
5.720697
6.067724
5.99193
5.723677
5.941779
6.0536613
5.7604933
6.016603
5.66671
5.958352
5.833605
5.712175
5.689995
6.07471
6.1539702
6.0623755
6.054981
6.095058
6.2420363
6.1259227
6.0897613
6.1443787
6.1793475
5.959845
6.24294
6.2325525
6.238779
6.345032
6.438084
6.29031
6.3183556
6.275036
6.2865424
6.45346
6.438205
6.485073
6.4671006
6.495742
6.501534
6.470663
6.3674927
6.5834107
6.363088
6.295428
6.3880124
6.341256
6.5298357
6.5383816
6.3735547
6.347805
6.357016
6.4418354
6.3482714
6.6071587
6.6208844
6.380862
6.4658804
6.445293
6.5306706
6.415882
6.5567684
6.266862
6.215453
6.158269
6.094796
6.5709476
6.4217286
6.4854603
6.385831
6.457849
6.507294
6.57082
6.465475
6.4308186
6.511804
6.2698674
6.387816
6.3519588
6.4225144
6.576465
6.2825465
6.1772633
6.3064003
6.666082
6.5410085
6.6073766
6.647746
6.6342945
6.500977
6.531264
6.51451
6.571583
6.439742
6.864926
6.8825474
6.6204467
6.901701
6.8204865
7.0797234
6.5277
6.7681923
6.5695953
6.732709
6.4631553
6.442109
6.49538
6.391061
6.4308047
6.2363224
6.3569775
6.5108585
6.2877836
6.3844914
6.5713434
6.4992456
6.5029306
6.752469
6.4175043
6.4876513
6.2078195
6.6593475
6.5685396
6.6601515
6.910811
6.722531
6.6967974
6.857391
6.8379374
6.743762
6.756096
6.801548
6.972396
6.678515
6.6094103
6.719548
6.692841
6.673458
6.8369255
6.830415
6.8091197
6.632393
6.8171487
6.614413
6.71776
6.6700077
6.590649
6.5256295
6.4251738
6.590469
6.721143
6.7281795
6.721184
6.606568
6.7467318
6.5519104
6.6655364
6.541818
6.5523176
6.733323
6.7695293
6.7942686
6.6462445
6.7641125
6.7032013
6.6106796
6.493763
6.459242
6.588818
6.629717
6.7404637
6.593115
6.7081003
6.6961646
6.5799494
6.549158
6.6270027
6.241459
6.4928713
6.18613
6.000947
5.9701424
6.034891
5.885842
6.1001935
6.143696
5.9313607
6.066445
6.1562047
6.1379213
6.0849204
5.863098
6.0043283
6.0093327
6.0340457
5.9071608
5.9877157
6.0719185
6.0884705
5.9224105
5.885515
6.1543074
6.069023
6.0211515
6.158141
6.0478206
6.3192897
6.011752
6.2561374
6.1149325
6.0564346
6.0874186
6.218313
6.0806355
6.054394
6.0665727
6.1879
6.0803924
6.1002493
6.0599923
5.971607
6.0115075
5.96955
5.9151034
5.9597683
5.865449
5.928406
5.8709793
5.7660713
5.8955054
5.8834357
5.8787675
5.9641476
5.6982107
5.8149514
5.791281
5.6093235
5.82713
5.9521823
5.749032
5.737111
5.977959
5.6251707
5.8847194
5.831464
5.7335763
5.8477826
5.8469086
6.0611176
5.9724045
6.088346
5.799628
5.5933843
5.8035674
5.8290987
5.767004
5.8883286
5.7690835
5.8832636
5.874781
5.885742
5.809329
5.9762716
5.9085145
5.986016
6.000673
5.6605415
5.7593327
5.8602843
5.992574
5.750308
6.0577607
6.0580072
5.9587994
6.1168203
6.0818334
5.921712
6.1004815
5.885845
5.955504
5.795144
6.2134676
5.9850183
5.887231
5.971336
6.1541386
5.8534293
5.986333
6.0887065
6.005131
5.8015127
5.670564
6.111701
6.1552963
5.9862266
6.0080194
6.141724
6.1593866
5.984148
5.903679
5.853427
5.9809494
6.0310388
5.844111
6.016343
5.985101
6.0590167
6.044032
5.829334
5.891967
5.8664465
6.0540504
5.793927
5.781016
5.801297
5.7390757
5.755923
5.745042
5.97431
5.8223004
5.908151
5.70788
5.635381
5.8937883
5.842735
5.8301435
5.7769938
5.7859507
5.796277
5.9419856
5.8699956
5.947654
5.617402
6.0740886
5.80054
5.591851
5.696534
5.748021
5.761269
5.604083
5.7169337
5.628873
5.8144665
5.3820744
5.6079955
5.375987
5.675036
5.594942
5.425923
5.3787556
5.2295313
5.603245
5.290038
5.424029
5.3783855
5.5560193
5.297396
5.4870715
5.4176188
5.5745764
5.2377768
5.6563263
5.288431
5.630581
5.583839
5.312315
5.5732293
5.559199
5.3862877
5.5232534
5.476186
5.5581837
5.4191923
5.5071154
5.62711
5.62952
5.3499103
5.7274756
5.4798703
5.266321
5.5506945
5.525558
5.1163826
5.4245496
5.5913925
5.676652
5.2833133
5.3135896
5.523008
5.4063587
5.5256467
5.5389514
5.192669
5.4470286
5.4849353
5.2903247
5.505046
5.545076
5.369505
5.484045
5.249635
5.650519
5.772163
5.565858
5.5891585
5.506459
5.5295978
5.735902
5.365942
5.51391
5.7506413
5.557885
5.3779597
5.3881497
5.557578
5.669358
5.598943
5.4786053
5.585737
5.407874
5.5335574
5.5352573
5.3973813
5.437188
5.4863796
5.525115
5.4943447
5.5043287
5.211098
5.2883234
5.4693604
5.4632964
5.3629136
5.2520056
5.175146
5.2281227
5.26965
5.2880535
5.378565
5.3004837
5.3348637
5.3970304
5.3751764
5.3326454
5.2266426
5.2363644
5.2705355
5.42665
5.3841
5.2110243
5.2279468
5.3737307
5.3236556
5.2888923
5.145408
5.1563697
5.234677
5.214454
4.9819207
5.2251563
5.1614575
5.336031
5.257819
5.1588116
5.0975094
