10000
9.851137
9.834766
9.782599
9.812405
9.761914
9.796153
9.769943
9.749743
9.728018
9.62072
9.579968
9.557968
9.542389
9.457878
9.483251
9.416344
9.435957
9.337912
9.245485
9.212648
9.223405
9.252908
9.129717
9.022008
9.120184
9.0864525
9.110327
9.0161495
8.935708
8.921913
8.812973
8.815264
8.709947
8.710626
8.612613
8.611838
8.503705
8.385309
8.297818
8.352649
8.370876
8.2004795
8.099696
8.055511
8.045299
7.891272
7.7724805
7.8147793
7.615676
7.538988
7.275063
7.4940786
7.3265996
7.1528726
7.0724626
7.0072923
6.989936
6.8531337
6.9441466
6.9551315
7.0372324
7.0034447
6.9390793
6.7843485
6.945075
6.8482227
6.8268523
6.851306
6.8888526
6.957365
6.9360986
7.0075636
6.957744
6.948209
6.9973364
6.9781656
7.1082115
6.991316
7.0609126
6.7981353
7.050455
6.8970003
6.978985
6.8521533
7.004354
6.8453555
6.902952
7.026513
6.9575458
6.9584937
6.9730144
7.231437
7.405394
7.3997707
7.4907074
7.562598
7.5878134
7.8347588
7.949037
8.242759
8.159434
8.207591
8.182029
8.038648
8.08807
8.238558
8.300396
8.274792
8.231157
8.502648
8.402313
8.329925
8.299692
8.227012
8.177339
8.122087
8.115588
8.1922245
8.135281
8.112402
8.0527935
7.9743886
7.9109716
8.049882
7.981888
7.9754405
7.9833946
7.9042044
7.8552003
7.78082
7.7483807
7.6529627
7.595667
7.6487765
7.5629716
7.586228
7.50424
7.6164618
7.56009
7.563169
7.609314
7.5907784
7.550301
7.566706
7.5004196
7.580292
7.528427
7.5580277
7.609461
7.5432463
7.503538
7.6096573
7.49375
7.49506
7.416785
7.4121504
7.393703
7.4151974
7.2809095
7.3273287
7.372445
7.336855
7.2995834
7.3935304
7.32115
7.2612042
7.2610583
7.340756
7.3543015
7.3380084
7.3717337
7.398901
7.508573
7.538267
7.3181987
7.3887157
7.3032146
7.2736764
7.316769
7.265762
7.1667333
7.127184
7.114278
7.1241508
7.0333734
7.105095
7.1026506
7.0871663
7.121438
7.012429
7.185803
7.0506225
7.0187244
6.9175816
6.8718376
6.794256
6.7783675
6.673889
6.5295076
6.885119
6.598226
6.696674
6.555719
6.569548
6.558917
6.3650427
6.36687
6.412646
6.3875523
6.2515125
6.3362036
6.25565
6.5286694
6.4319797
6.5967426
6.223611
6.461956
6.6041636
6.6277046
6.694868
6.503494
6.658503
6.5326786
6.8279004
6.6969786
6.725003
6.4850445
6.794491
6.592379
6.7727346
6.7345138
6.692289
6.658492
6.6734343
6.7085576
6.6976852
6.627769
6.560336
6.6720605
6.705097
6.5682945
6.6425366
6.454467
6.7423725
6.634688
6.8504295
6.4775248
6.860688
6.7910137
6.7334175
6.7401924
6.366429
6.659014
6.549228
6.5555234
6.505156
6.6030803
6.5631
6.7550616
6.7437506
6.555622
6.5062633
6.6864023
6.6143723
6.7168493
6.63663
6.5950265
6.7601643
6.790248
6.6321087
6.7011895
6.6817975
6.6338825
6.569307
6.6790886
6.4680834
6.616705
6.8186235
6.6834383
6.58414
6.7322364
6.7244625
6.664758
6.6466265
6.5365286
6.634454
6.5120063
6.7011695
6.692739
6.608181
6.5613623
6.568243
6.4549727
6.4396577
6.636961
6.2819924
6.429124
6.507171
6.317816
6.4280076
6.2584987
6.343719
6.451196
6.15812
6.3111763
6.1801333
6.5182247
6.4248333
6.426107
6.380328
6.405952
6.5189886
6.4739823
6.3786926
6.5364685
6.5990505
6.6089573
6.2312565
6.67767
6.4755235
6.562091
6.454318
6.562215
6.3686323
6.61648
6.55165
6.536045
6.4560146
6.5062647
6.441706
6.546832
6.3598585
6.5755334
6.2868004
6.520904
6.3057857
6.5191393
6.528515
6.356473
6.4044404
6.428105
6.502173
6.4454875
6.3732553
6.28817
6.2879653
6.359145
6.379868
6.367891
6.312513
6.438939
6.3514977
6.3556366
6.2002525
6.4671655
6.458406
6.4940786
6.5378437
6.6110306
6.5196695
6.52455
6.5961432
6.5966673
6.674217
6.921746
6.8479156
6.8743234
6.814503
6.8872247
6.8603697
6.845896
6.8879533
6.911027
6.941843
7.126245
6.9443407
7.115904
6.9473104
7.0131726
6.8575535
6.905281
6.9326096
6.9549694
6.8364196
6.7979107
6.9139347
6.966111
6.850078
6.891142
6.802238
6.8075557
6.800099
6.7040167
6.6800704
6.588518
6.6320515
6.7631526
6.7644434
6.702672
6.675187
6.7787814
6.5863295
6.694194
6.6625776
6.6636314
6.4949813
6.5989566
6.6477737
6.529649
6.5589604
6.6558146
6.5733337
6.6678314
6.7061315
6.700575
6.7708817
6.736641
6.6336293
6.6829634
6.6513557
6.828012
6.587133
6.79098
6.6086416
6.6562243
6.658313
6.767268
6.6020794
6.645547
6.7299056
6.7892566
6.6395535
6.7972264
6.89511
6.8193603
6.7155356
6.6345506
6.7005525
7.011129
6.8884025
6.8154783
6.8720427
6.9658647
6.829153
6.8885717
6.9413204
7.011171
6.936378
7.134065
7.02403
6.900437
6.81114
6.8892727
6.907706
6.717273
6.7968245
6.928893
6.886945
6.88231
6.901615
6.853017
6.985055
6.774981
7.01495
6.8165946
6.842286
6.8968
6.7188826
6.937818
6.779311
6.658255
6.9053993
6.925022
6.7462673
6.8247747
6.8514986
6.842296
7.0558987
6.7643857
6.861896
6.81769
6.936263
6.71605
6.9345417
6.819237
6.955823
6.898038
6.9712033
6.967694
6.903756
7.059668
7.023032
6.948045
7.0922103
7.0309687
7.1724153
7.2883897
7.0069532
7.408155
7.302298
7.2692003
7.2283087
7.324692
7.18454
7.27919
7.1788197
7.396044
7.3781743
7.454357
7.415466
7.4337983
7.3434105
7.1625967
7.20664
7.114869
7.3481445
7.388715
7.4046226
7.2389197
7.1460986
7.205413
7.38326
7.123315
7.152998
7.1410503
7.103904
6.927342
6.9893465
6.9872065
6.9830728
7.0003257
7.0524387
6.9956837
7.156543
6.92014
6.9336076
6.92562
6.933297
7.047907
6.968267
6.9055834
6.927393
6.900238
6.9323516
6.9848275
6.9324627
6.9935155
7.0122466
6.915934
6.87715
6.7838993
6.9274898
7.02188
6.960077
6.8568196
6.84916
6.8739805
6.805909
7.0232105
6.976796
7.1620784
6.98554
7.0594335
7.1726813
7.117077
7.0843477
6.9840612
7.0516305
7.0818725
7.13322
7.2462
7.2531347
7.4447145
7.247702
7.385884
7.3881187
7.348054
7.3549848
7.3069606
7.295226
7.4084196
7.4072185
7.32407
7.134915
7.1402802
7.348753
7.326952
7.3860836
7.301414
7.352852
7.1397324
7.2567964
7.180417
7.384012
7.327613
7.320225
7.2698503
6.9508324
6.823451
7.064784
7.07481
7.0156984
6.9751663
6.999586
6.7916307
6.7020082
6.8624544
6.8348713
6.796733
6.8540964
6.777721
6.7045083
6.879064
6.880415
6.8754573
6.8202252
6.922157
6.867433
7.0032434
6.7499814
6.8869286
6.9590297
6.842789
6.899884
6.9315467
7.052388
6.875187
6.86619
6.810233
6.9693336
6.959054
7.0938783
6.8518467
7.052308
6.92883
6.8853545
7.1637826
7.0542946
7.0223475
7.0357895
7.285042
7.214948
7.3472357
7.0678525
7.321266
7.0774026
7.2450314
7.396983
7.3416286
7.5042806
7.4108496
7.3179936
7.410919
7.5764875
7.299331
7.4687552
7.461245
7.430969
7.2848434
7.4454074
7.517765
7.3309574
7.321741
7.371325
7.2399135
7.2431912
7.3046875
7.40035
7.382713
7.3304067
7.229532
7.231661
7.08255
7.166547
7.144628
7.038232
6.853929
6.86531
6.9836235
6.915767
6.892351
6.8772607
6.8882637
6.897458
6.9143004
6.869504
6.8018456
6.6990128
6.8974304
6.687386
6.816019
6.8357716
6.9671516
6.8479013
6.831818
6.9609303
6.790308
6.8586974
7.007166
6.839414
6.9313493
6.960084
7.0076756
6.854332
6.910554
6.945681
7.021123
6.9804773
6.8580484
6.986864
6.8923965
7.085464
7.085621
7.0001173
7.2122583
6.9292383
7.1801505
6.99615
7.229884
7.191236
7.1744103
7.049996
7.0670495
7.0812387
7.101828
7.405813
7.3401427
7.3389125
7.335066
7.352516
7.3698997
7.4313784
7.168217
7.216304
7.284224
7.242711
7.2976785
7.2234974
7.2528563
7.1331797
7.3755927
7.044983
7.1768804
7.1144896
7.1324134
7.196103
7.2424445
7.1254306
7.025283
7.05789
7.209339
6.9709334
7.018936
7.0476594
6.957134
7.0678835
7.0342693
6.897909
6.89004
6.854302
6.8382363
6.734707
6.906773
6.786427
6.9848957
6.7337027
6.917363
6.8604856
6.877797
6.8685894
7.1750836
7.200717
7.160557
7.059591
6.8478794
6.562827
6.460951
6.6084805
6.605036
6.191396
6.0069246
5.680371
5.3307385
5.4387054
4.7991676
4.70969
4.294426
2.4497705
2.3176622
3.1278229
2.8579857
3.1943974
2.3867183
2.7909844
2.8976834
2.711678
2.5913692
3.363332
3.4597874
2.2991197
2.5916882
2.9333935
2.7254128
2.6367528
3.105466
3.306758
3.0301561
2.2810812
1.8660954
3.4278958
2.623009
2.9363697
2.4201126
2.862822
3.226275
3.2450204
2.51779
2.3861296
2.9963927
2.7604716
2.837054
2.7857792
2.566357
3.2020075
2.7816098
2.9996843
2.5084403
3.3351827
3.5849135
3.555111
3.1418526
2.8791256
3.6250064
3.5508277
2.7612302
2.938001
2.5294895
3.6370816
3.1878583
3.2774572
3.196461
3.2451868
3.4881577
2.778655
2.7733402
3.1110568
3.61314
2.9714854
2.544703
3.2587538
3.3062754
2.8099136
2.726987
3.1697056
2.558845
3.073019
6.653643
6.726183
6.889744
7.1192
7.0330787
7.158834
7.1086926
7.05921
7.1718493
7.096026
7.0607834
7.273024
7.320595
7.2928443
7.4022527
7.56416
7.6773148
7.598135
7.7465897
7.580163
7.6397
7.4810743
7.705129
7.5061207
7.5911837
7.501936
7.6832085
7.480771
7.5694337
7.63245
7.5254245
7.4083896
7.5375705
7.4507904
7.405849
7.3580713
7.4812326
7.2604003
7.3209743
7.358369
7.085074
7.291945
7.4021335
7.391039
7.349212
7.403163
7.284338
7.4005375
7.501836
7.414916
7.5219145
7.334514
7.297384
7.3736067
7.4945517
7.548878
7.5461936
7.459078
7.5792255
7.40651
7.6120224
7.4176755
7.5697794
7.5241528
7.477633
7.553157
7.468969
7.4437814
7.449906
7.485037
7.648321
7.5767317
7.5507364
7.7176385
7.76361
7.739576
7.621965
7.8276167
7.821323
7.8160324
7.7282343
7.6863585
7.6204
7.7246227
7.5439653
7.4625726
7.273279
7.506051
7.451873
7.4738426
7.332689
7.406269
7.3436885
7.452059
7.379056
7.2494817
7.3024054
7.246696
7.201525
7.2072825
7.371166
7.291599
7.077002
7.357083
7.3244176
7.3852677
7.4740744
7.289702
7.312882
7.382892
7.283791
7.242287
7.449823
7.22977
7.2752223
7.4095917
7.5111895
7.3124804
7.464587
7.6343565
7.4258966
7.596646
7.525353
7.745277
7.5303526
7.532382
7.5123324
7.620146
7.6755805
7.871655
7.685977
7.7606354
7.6803856
7.7616477
7.9062223
7.736337
7.9455547
7.712767
7.572201
7.633027
7.5344243
7.305027
7.6722527
7.7110014
7.7536516
7.7564664
7.7385654
7.5744233
7.685751
7.5171833
7.5622244
7.2986026
7.390527
7.484864
7.36826
7.3767657
7.464113
7.439648
7.4436955
7.4458256
7.511524
7.665191
7.4208927
7.413574
7.477515
7.4780693
7.6192226
7.595405
7.5538015
7.599902
7.7741356
7.83392
7.7994223
7.9205356
7.749609
7.720868
7.749002
7.74403
7.928708
7.826488
7.902365
7.7970304
7.8464193
7.79264
7.65452
7.8253026
7.6598244
7.583643
7.720042
7.608713
7.7768593
7.6560516
7.6610136
7.613925
7.5896916
7.618557
7.5511923
7.4475927
7.436204
7.502275
7.343149
7.500449
7.426893
7.2733665
7.4263563
7.5179043
7.4644084
7.4244576
7.214167
7.327862
7.5571947
7.445413
7.366319
7.3542995
7.7708397
7.6071496
7.8377137
7.6679077
7.683105
7.788602
7.868206
7.7873545
7.918176
7.7822657
7.965221
7.8147216
7.907109
7.7097807
7.675693
7.6656733
7.926778
7.5383983
7.778632
7.7700033
7.652995
7.6560936
7.589926
7.610231
7.5094633
7.5340405
7.3883142
7.576159
7.6087866
7.3988605
7.5442863
7.562495
7.3799496
7.2530847
7.4019527
7.371073
7.4300117
7.3122916
7.4824667
7.2916207
7.357697
7.551873
7.574651
7.6756744
7.6682787
7.564892
7.612381
7.85097
7.9092317
7.966854
7.9931555
7.9827952
7.8882036
7.882379
7.823247
7.909403
7.9703565
7.911271
7.970968
7.7221284
7.7345448
7.8095655
7.7920246
7.56305
7.44447
7.4587803
7.4528418
7.5088615
7.410382
7.3195047
7.256738
7.306748
7.363292
7.236954
7.3641434
7.226734
7.3436503
7.1827846
7.427801
7.419934
7.434313
7.263701
7.5417814
7.4978905
7.607827
7.6430006
7.527109
7.7245092
7.688442
7.5536447
7.6839457
7.71579
7.580178
7.5844727
7.5774484
7.5881824
7.6489477
7.650636
7.568964
7.6127505
7.551512
7.4754
7.222364
7.2017746
7.1000943
7.07139
7.159562
6.928591
7.115685
7.1438417
7.2064953
6.79986
7.0086374
6.9425373
7.1196256
7.0592318
7.0853205
7.1252775
7.3643284
7.363233
7.3638897
7.373638
7.5595865
7.544712
7.537638
7.4836817
7.249774
7.5999293
7.462554
7.730788
7.544788
7.7135196
7.7659163
7.4618073
7.551577
7.548603
7.6861606
7.582282
7.623739
7.3210793
7.1849
7.3163195
7.1075644
7.0077925
7.1881127
7.0002513
6.9171343
7.052601
7.040716
6.66358
6.9848576
7.0930686
6.814689
7.068928
7.1390686
6.971883
7.2696505
7.0358353
7.2510257
7.091444
7.096243
7.133269
7.3005147
7.1334143
7.2119217
7.4348154
7.3040733
7.4203286
7.4800057
7.469666
7.5140595
7.544997
7.462101
7.3546777
7.314113
7.13325
7.3262315
7.192894
7.0976686
7.0217543
6.996469
7.0921907
7.24695
6.962309
7.061432
6.984239
6.7244883
7.2092667
6.948912
7.1013064
7.09226
6.8079467
6.8904405
7.0962257
6.958502
7.15342
6.864923
7.2553706
7.116919
6.938677
6.9321413
6.947605
7.0520406
7.0037007
7.231845
7.342507
7.2925854
7.4447007
7.6558967
7.2743926
7.5261106
7.2344027
7.458408
7.3956866
7.423332
7.487725
7.1522045
7.251483
7.200447
7.286353
7.347032
7.1041727
7.1106305
6.9572487
6.70393
6.7122517
6.822604
6.8694644
6.801546
6.738375
6.719744
6.5525184
6.6629314
6.5788007
6.6428585
6.659205
6.8973813
7.0082927
6.9464417
7.0166774
7.0524364
7.0837383
7.0591106
6.9223638
7.1239495
7.0232253
7.12665
7.042688
7.034885
7.0386
6.8523936
6.808687
6.884065
6.8192725
6.730188
6.6284337
6.9658966
6.6782355
6.651882
6.439602
6.6425457
6.510225
6.3342466
6.490463
6.396467
6.543045
6.583452
6.386492
6.540964
6.577421
6.6027355
6.6701803
6.7548523
6.684416
6.8108525
6.8088784
6.810166
6.9175797
6.96783
7.066285
6.611732
6.793666
6.75618
6.5497155
6.549846
6.661864
6.806963
6.6024475
6.391077
6.7270327
6.774745
6.3262153
6.411922
6.4096136
6.386855
6.167335
6.254091
6.2289896
6.246606
6.129756
6.0642014
6.097697
6.4541426
6.1572967
5.887974
6.2868805
6.2619605
6.021372
6.286539
6.16499
6.198227
6.233889
6.1222067
6.25924
6.4067907
6.277898
6.305632
6.5196
6.3489647
6.417812
6.652877
6.438153
6.2880173
6.331082
6.1741076
6.097752
6.1416283
6.3838015
6.1144423
6.296739
6.2600074
6.1462927
6.107788
6.342299
6.1441994
6.1908765
6.195489
5.990507
6.178589
5.991411
5.9005346
6.0544887
5.9149294
5.8267584
5.9070816
5.911302
5.835744
5.723677
5.941779
5.9584966
5.7604933
6.016603
5.742783
5.958352
5.794103
5.830224
5.674737
6.139239
6.1539702
6.029799
6.118719
6.095058
6.128394
6.1259227
6.0897613
6.185655
6.044844
5.959845
6.2704873
6.2075887
6.2386107
6.345032
6.438084
6.29031
6.3183556
6.275036
6.2865424
6.45346
6.438205
6.409024
6.5429363
6.400996
6.501534
6.411436
6.464169
6.436243
6.3182755
6.403159
6.3880124
6.2450233
6.5510473
6.4012156
6.483418
6.399915
6.239463
6.5301776
6.385363
6.466143
6.4825964
6.458049
6.4658804
6.4217
6.581436
6.3922415
6.340257
6.2972846
6.215453
6.158269
6.1475635
6.3446527
6.4217286
6.619186
6.385831
6.457849
6.507294
6.362897
6.4137363
6.4308186
6.586667
6.3777266
6.387816
6.3519588
6.339806
6.390388
6.2825465
6.3306766
6.2680063
6.666082
6.7074003
6.490712
6.792225
6.800852
6.500977
6.531264
6.51451
6.618165
6.35644
6.8488564
6.7977357
6.759101
6.7334704
6.734909
6.7607684
6.5591235
6.6176662
6.7668386
6.721497
6.536489
6.357593
6.6365876
6.391061
6.4308047
6.3002687
6.449914
6.3559484
6.361037
6.56421
6.6257267
6.580974
6.5863557
6.6211653
6.501527
6.578601
6.397665
6.6593475
6.5685396
6.6601515
6.8442445
6.7406034
6.902975
6.8268147
6.8371644
6.7553577
6.9108562
6.947445
6.780302
6.874208
6.6944404
6.909462
6.7553816
6.8948035
6.7750607
7.005159
6.884989
6.7078714
6.9221044
6.758819
6.699902
6.7167497
6.7121644
6.6512175
6.7220697
6.6722183
7.0765285
7.022299
7.0644455
7.0134654
7.096178
6.7034407
6.668532
6.8185673
6.818676
6.774671
6.9544067
6.836894
6.6329165
6.7139473
6.6738296
6.9837866
6.501356
6.5981507
6.445635
6.760765
6.8661423
6.718471
6.7371073
6.5933375
6.7496758
6.6848707
6.5734406
6.1805897
6.1823153
6.076971
6.168169
5.8060203
5.891978
5.885842
6.0510783
6.278984
5.9313607
6.0391655
6.1213856
6.048896
6.0267477
5.8234363
6.071516
6.074747
5.924877
5.9868846
5.9372406
6.064581
6.0209084
6.021029
5.9671144
6.027293
6.1345587
5.9990206
6.1407466
6.0478206
6.3192897
6.011752
6.2561374
6.1149325
6.220649
6.127969
6.0815277
6.1399775
6.0051637
6.072543
6.20386
6.127275
6.034148
5.9542336
6.021067
5.8899727
5.9353657
6.0646944
6.0091186
5.9568124
5.907858
5.813245
5.947524
6.000137
5.7989607
5.9157014
5.980124
5.880268
5.888843
5.8737316
5.8188815
5.8557673
5.971706
5.7885556
5.778254
5.9080515
5.678015
5.8983793
5.848622
5.6463723
5.943425
5.904803
5.9723496
5.987769
5.9471445
5.8359494
5.5869637
5.8037386
5.89077
5.8734674
5.831997
5.7552233
6.008388
5.9893894
6.145052
5.934823
6.02857
5.991146
6.050783
6.0708766
5.8898935
5.821794
5.975831
6.1331406
5.8816795
6.1633177
6.141122
6.170259
6.047072
5.9808283
5.8304033
6.0742235
5.751224
5.8788238
5.8857026
6.1227646
5.9178314
5.986645
5.992807
6.0119276
5.9747114
5.696859
6.1241264
6.041248
5.9638734
5.6111126
6.111701
6.1860347
5.932377
6.0080194
6.141724
6.1593866
5.8376184
6.0539
5.853427
5.9809494
6.0310388
5.844111
6.016343
5.985101
5.970288
6.022564
5.745243
5.9724026
5.765461
6.2721615
5.86736
5.7297554
5.8560705
5.671178
5.716014
5.808173
5.775321
5.786377
5.9297
5.6248684
5.611885
5.8947806
5.827446
6.037467
5.746775
5.796339
5.8433237
6.0906067
5.9596643
5.8834486
5.8874254
5.8555856
5.844537
5.6493325
5.470526
5.771481
5.8159313
5.4457526
5.5961103
5.571123
5.6896887
5.344597
5.615339
5.3516707
5.6222715
5.508122
5.385416
5.3787556
5.2295313
5.603245
5.290038
5.399897
5.3783855
5.5560193
5.297396
5.4870715
5.4176188
5.5745764
5.2377768
5.6563263
5.288431
5.630581
5.583839
5.312315
5.5732293
5.559199
5.3862877
5.5232534
5.5031867
5.657796
5.4971085
5.3943005
5.614427
5.3592615
5.4164214
5.5666766
5.562145
5.1577926
5.5217485
5.464882
5.2387094
5.443657
5.612502
5.4150004
5.5803595
5.1388555
5.4865055
5.4028263
5.390512
5.36476
5.131196
5.4224796
5.526917
5.330349
5.4228888
5.592045
5.541638
5.4401107
5.423629
5.594391
5.511368
5.6848135
5.326511
5.4515295
5.737052
5.735902
5.587063
5.432905
5.7043743
5.499893
5.4021406
5.3324385
5.695409
5.474047
5.5853086
5.39425
5.180887
5.6007643
5.554239
5.5772038
5.455638
5.379805
5.5370445
5.6754265
5.2861724
5.4349303
5.211098
5.2883234
5.4576836
5.4820776
5.402563
5.2520056
5.140998
5.228348
5.2813997
5.309367
5.344267
5.3562098
5.3259816
5.3900537
5.2830353
5.4481745
5.1694055
5.2234745
5.2705355
5.42665
5.293441
5.303053
5.2180457
5.3314514
5.2416124
5.374754
5.1242285
5.2204137
5.164831
5.2767715
5.1284466
5.128084
5.037583
5.3573656
5.242194
5.3378663
5.0875483
